8.3333e-13,0
4.175e-10,0
8.3417e-10,0
1.2508e-09,0
1.6675e-09,0
2.0842e-09,0
2.5008e-09,0
2.9175e-09,0
3.3342e-09,0
3.7508e-09,0
4.1675e-09,0
4.5842e-09,0
5.0008e-09,0
5.4175e-09,0
5.8342e-09,0
6.2508e-09,0
6.6675e-09,0
7.0842e-09,0
7.5008e-09,0
7.9175e-09,0
8.3342e-09,0
8.7508e-09,0
9.1675e-09,0
9.5842e-09,0
1.0001e-08,0
1.0418e-08,0
1.0834e-08,0
1.1251e-08,0
1.1668e-08,0
1.2084e-08,0
1.2501e-08,0
1.2917e-08,0
1.3334e-08,0
1.3751e-08,0
1.4168e-08,0
1.4584e-08,0
1.5001e-08,0
1.5417e-08,0
1.5834e-08,0
1.6251e-08,0
1.6668e-08,0
1.7084e-08,0
1.7501e-08,0
1.7918e-08,0
1.8334e-08,0
1.8751e-08,0
1.9167e-08,0
1.9584e-08,0
2.0001e-08,0
2.0418e-08,0
2.0834e-08,0
2.1251e-08,0
2.1668e-08,0
2.2084e-08,0
2.2501e-08,0
2.2917e-08,0
2.3334e-08,0
2.3751e-08,0
2.4168e-08,0
2.4584e-08,0
2.5001e-08,0
2.5417e-08,0
2.5834e-08,0
2.6251e-08,0
2.6668e-08,0
2.7084e-08,0
2.7501e-08,0
2.7918e-08,0
2.8334e-08,0
2.8751e-08,0
2.9167e-08,0
2.9584e-08,0
3.0001e-08,0
3.0418e-08,0
3.0834e-08,0
3.1251e-08,0
3.1668e-08,0
3.2084e-08,0
3.2501e-08,0
3.2918e-08,0
3.3334e-08,0
3.3751e-08,0
3.4168e-08,0
3.4584e-08,0
3.5001e-08,0
3.5418e-08,0
3.5834e-08,0
3.6251e-08,0
3.6668e-08,0
3.7084e-08,0
3.7501e-08,0
3.7918e-08,0
3.8334e-08,0
3.8751e-08,0
3.9168e-08,0
3.9584e-08,0
4.0001e-08,0
4.0418e-08,0
4.0834e-08,0
4.1251e-08,0
4.1668e-08,0
4.2084e-08,0
4.2501e-08,0
4.2918e-08,0
4.3334e-08,0
4.3751e-08,0
4.4168e-08,0
4.4584e-08,0
4.5001e-08,0
4.5418e-08,0
4.5834e-08,0
4.6251e-08,0
4.6668e-08,0
4.7084e-08,0
4.7501e-08,0
4.7918e-08,0
4.8334e-08,0
4.8751e-08,0
4.9168e-08,0
4.9584e-08,0
5.0001e-08,0
5.0418e-08,0
5.0834e-08,0
5.1251e-08,0
5.1668e-08,0
5.2084e-08,0
5.2501e-08,0
5.2918e-08,0
5.3334e-08,0
5.3751e-08,0
5.4168e-08,0
5.4584e-08,0
5.5001e-08,0
5.5418e-08,0
5.5834e-08,0
5.6251e-08,0
5.6668e-08,0
5.7084e-08,0
5.7501e-08,0
5.7918e-08,0
5.8334e-08,0
5.8751e-08,0
5.9168e-08,0
5.9584e-08,0
6.0001e-08,0
6.0417e-08,0
6.0834e-08,0
6.1251e-08,0
6.1667e-08,0
6.2084e-08,0
6.2501e-08,0
6.2917e-08,0
6.3334e-08,0
6.3751e-08,0
6.4167e-08,0
6.4584e-08,0
6.5001e-08,0
6.5417e-08,0
6.5834e-08,0
6.6251e-08,0
6.6667e-08,0
6.7084e-08,0
6.7501e-08,0
6.7917e-08,0
6.8334e-08,0
6.8751e-08,0
6.9168e-08,0
6.9584e-08,0
7.0001e-08,0
7.0418e-08,0
7.0834e-08,0
7.1251e-08,0
7.1668e-08,0
7.2084e-08,0
7.2501e-08,0
7.2918e-08,0
7.3334e-08,0
7.3751e-08,0
7.4167e-08,0
7.4584e-08,0
7.5001e-08,0
7.5417e-08,0
7.5834e-08,0
7.6251e-08,0
7.6667e-08,0
7.7084e-08,0
7.7501e-08,0
7.7917e-08,0
7.8334e-08,0
7.8751e-08,0
7.9167e-08,0
7.9584e-08,0
8.0001e-08,0
8.0417e-08,0
8.0834e-08,0
8.1251e-08,0
8.1667e-08,0
8.2084e-08,0
8.2501e-08,0
8.2918e-08,0
8.3334e-08,0
8.3751e-08,0
8.4168e-08,0
8.4584e-08,0
8.5001e-08,0
8.5418e-08,0
8.5834e-08,0
8.6251e-08,0
8.6668e-08,0
8.7084e-08,0
8.7501e-08,0
8.7917e-08,4.9407e-324
8.8334e-08,2.5797e-307
8.8751e-08,3.507e-291
8.9167e-08,1.7469e-275
8.9584e-08,3.1882e-260
9.0001e-08,2.1321e-245
9.0417e-08,5.2242e-231
9.0834e-08,4.6903e-217
9.1251e-08,1.5429e-203
9.1667e-08,1.8597e-190
9.2084e-08,8.2133e-178
9.2501e-08,1.3291e-165
9.2917e-08,7.8804e-154
9.3334e-08,1.712e-142
9.3751e-08,1.3628e-131
9.4167e-08,3.9748e-121
9.4584e-08,4.2478e-111
9.5001e-08,1.6633e-101
9.5418e-08,2.3864e-92
9.5834e-08,1.2545e-83
9.6251e-08,2.4165e-75
9.6668e-08,1.7055e-67
9.7084e-08,4.4104e-60
9.7501e-08,4.179e-53
9.7918e-08,1.4509e-46
9.8334e-08,1.8456e-40
9.8751e-08,8.6024e-35
9.9168e-08,1.4691e-29
9.9584e-08,9.1933e-25
1e-07,2.1079e-20
1.0042e-07,1.771e-16
1.0083e-07,5.4526e-13
1.0125e-07,6.1533e-10
1.0167e-07,2.5468e-07
1.0208e-07,3.8725e-05
1.025e-07,0.0021731
1.0292e-07,0.045562
1.0333e-07,0.36874
1.0375e-07,1.2507
1.0417e-07,2.1324
1.0458e-07,2.4545
1.05e-07,2.4959
1.0542e-07,2.4952
1.0583e-07,2.4914
1.0625e-07,2.4866
1.0667e-07,2.4808
1.0708e-07,2.4741
1.075e-07,2.4664
1.0792e-07,2.4577
1.0833e-07,2.4482
1.0875e-07,2.4376
1.0917e-07,2.4262
1.0958e-07,2.4138
1.1e-07,2.4004
1.1042e-07,2.3862
1.1083e-07,2.371
1.1125e-07,2.3549
1.1167e-07,2.3379
1.1208e-07,2.32
1.125e-07,2.3012
1.1292e-07,2.2816
1.1333e-07,2.261
1.1375e-07,2.2396
1.1417e-07,2.2173
1.1458e-07,2.1941
1.15e-07,2.1701
1.1542e-07,2.1453
1.1583e-07,2.1196
1.1625e-07,2.0932
1.1667e-07,2.0659
1.1708e-07,2.0378
1.175e-07,2.0089
1.1792e-07,1.9793
1.1833e-07,1.9489
1.1875e-07,1.9177
1.1917e-07,1.8858
1.1958e-07,1.8532
1.2e-07,1.8199
1.2042e-07,1.7858
1.2083e-07,1.7511
1.2125e-07,1.7157
1.2167e-07,1.6797
1.2208e-07,1.643
1.225e-07,1.6056
1.2292e-07,1.5676
1.2333e-07,1.5291
1.2375e-07,1.4899
1.2417e-07,1.4502
1.2458e-07,1.4099
1.25e-07,1.3691
1.2542e-07,1.3277
1.2583e-07,1.2858
1.2625e-07,1.2435
1.2667e-07,1.2006
1.2708e-07,1.1573
1.275e-07,1.1136
1.2792e-07,1.0694
1.2833e-07,1.0248
1.2875e-07,0.97978
1.2917e-07,0.93441
1.2958e-07,0.88868
1.3e-07,0.84261
1.3042e-07,0.79621
1.3083e-07,0.7495
1.3125e-07,0.70251
1.3167e-07,0.65524
1.3208e-07,0.60773
1.325e-07,0.55997
1.3292e-07,0.51201
1.3333e-07,0.46384
1.3375e-07,0.4155
1.3417e-07,0.36699
1.3458e-07,0.31835
1.35e-07,0.26958
1.3542e-07,0.22071
1.3583e-07,0.17175
1.3625e-07,0.12272
1.3667e-07,0.073654
1.3708e-07,0.024554
1.375e-07,-0.024554
1.3792e-07,-0.073654
1.3833e-07,-0.12272
1.3875e-07,-0.17175
1.3917e-07,-0.22071
1.3958e-07,-0.26958
1.4e-07,-0.31835
1.4042e-07,-0.36699
1.4083e-07,-0.4155
1.4125e-07,-0.46384
1.4167e-07,-0.51201
1.4208e-07,-0.55997
1.425e-07,-0.60773
1.4292e-07,-0.65524
1.4333e-07,-0.70251
1.4375e-07,-0.7495
1.4417e-07,-0.79621
1.4458e-07,-0.84261
1.45e-07,-0.88868
1.4542e-07,-0.93441
1.4583e-07,-0.97978
1.4625e-07,-1.0248
1.4667e-07,-1.0694
1.4708e-07,-1.1136
1.475e-07,-1.1573
1.4792e-07,-1.2006
1.4833e-07,-1.2435
1.4875e-07,-1.2858
1.4917e-07,-1.3277
1.4958e-07,-1.3691
1.5e-07,-1.4099
1.5042e-07,-1.4502
1.5083e-07,-1.4899
1.5125e-07,-1.5291
1.5167e-07,-1.5676
1.5208e-07,-1.6056
1.525e-07,-1.643
1.5292e-07,-1.6797
1.5333e-07,-1.7157
1.5375e-07,-1.7511
1.5417e-07,-1.7858
1.5458e-07,-1.8199
1.55e-07,-1.8532
1.5542e-07,-1.8858
1.5583e-07,-1.9177
1.5625e-07,-1.9489
1.5667e-07,-1.9793
1.5708e-07,-2.0089
1.575e-07,-2.0378
1.5792e-07,-2.0659
1.5833e-07,-2.0932
1.5875e-07,-2.1196
1.5917e-07,-2.1453
1.5958e-07,-2.1701
1.6e-07,-2.1941
1.6042e-07,-2.2173
1.6083e-07,-2.2396
1.6125e-07,-2.261
1.6167e-07,-2.2816
1.6208e-07,-2.3012
1.625e-07,-2.32
1.6292e-07,-2.3379
1.6333e-07,-2.3549
1.6375e-07,-2.371
1.6417e-07,-2.3862
1.6458e-07,-2.4004
1.65e-07,-2.4138
1.6542e-07,-2.4262
1.6583e-07,-2.4376
1.6625e-07,-2.4482
1.6667e-07,-2.4577
1.6708e-07,-2.4664
1.675e-07,-2.4741
1.6792e-07,-2.4808
1.6833e-07,-2.4866
1.6875e-07,-2.4914
1.6917e-07,-2.4952
1.6958e-07,-2.4981
1.7e-07,-2.5001
1.7042e-07,-2.501
1.7083e-07,-2.501
1.7125e-07,-2.5001
1.7167e-07,-2.4981
1.7208e-07,-2.4952
1.725e-07,-2.4914
1.7292e-07,-2.4866
1.7333e-07,-2.4808
1.7375e-07,-2.4741
1.7417e-07,-2.4664
1.7458e-07,-2.4577
1.75e-07,-2.4482
1.7542e-07,-2.4376
1.7583e-07,-2.4262
1.7625e-07,-2.4138
1.7667e-07,-2.4004
1.7708e-07,-2.3862
1.775e-07,-2.371
1.7792e-07,-2.3549
1.7833e-07,-2.3379
1.7875e-07,-2.32
1.7917e-07,-2.3012
1.7958e-07,-2.2816
1.8e-07,-2.261
1.8042e-07,-2.2396
1.8083e-07,-2.2173
1.8125e-07,-2.1941
1.8167e-07,-2.1701
1.8208e-07,-2.1453
1.825e-07,-2.1196
1.8292e-07,-2.0932
1.8333e-07,-2.0659
1.8375e-07,-2.0378
1.8417e-07,-2.0089
1.8458e-07,-1.9793
1.85e-07,-1.9489
1.8542e-07,-1.9177
1.8583e-07,-1.8858
1.8625e-07,-1.8532
1.8667e-07,-1.8199
1.8708e-07,-1.7858
1.875e-07,-1.7511
1.8792e-07,-1.7157
1.8833e-07,-1.6797
1.8875e-07,-1.643
1.8917e-07,-1.6056
1.8958e-07,-1.5676
1.9e-07,-1.5291
1.9042e-07,-1.4899
1.9083e-07,-1.4502
1.9125e-07,-1.4099
1.9167e-07,-1.3691
1.9208e-07,-1.3277
1.925e-07,-1.2858
1.9292e-07,-1.2435
1.9333e-07,-1.2006
1.9375e-07,-1.1573
1.9417e-07,-1.1136
1.9458e-07,-1.0694
1.95e-07,-1.0248
1.9542e-07,-0.97978
1.9583e-07,-0.93441
1.9625e-07,-0.88868
1.9667e-07,-0.84261
1.9708e-07,-0.79621
1.975e-07,-0.7495
1.9792e-07,-0.70251
1.9833e-07,-0.65524
1.9875e-07,-0.60773
1.9917e-07,-0.55997
1.9958e-07,-0.51201
2e-07,-0.46384
2.0042e-07,-0.4155
2.0083e-07,-0.36699
2.0125e-07,-0.31835
2.0167e-07,-0.26958
2.0208e-07,-0.22071
2.025e-07,-0.17175
2.0292e-07,-0.12272
2.0333e-07,-0.073654
2.0375e-07,-0.024554
2.0417e-07,0.024554
2.0458e-07,0.073654
2.05e-07,0.12272
2.0542e-07,0.17175
2.0583e-07,0.22071
2.0625e-07,0.26958
2.0667e-07,0.31835
2.0708e-07,0.36699
2.075e-07,0.4155
2.0792e-07,0.46384
2.0833e-07,0.51201
2.0875e-07,0.55997
2.0917e-07,0.60773
2.0958e-07,0.65524
2.1e-07,0.70251
2.1042e-07,0.7495
2.1083e-07,0.79621
2.1125e-07,0.84261
2.1167e-07,0.88868
2.1208e-07,0.93441
2.125e-07,0.97978
2.1292e-07,1.0248
2.1333e-07,1.0694
2.1375e-07,1.1136
2.1417e-07,1.1573
2.1458e-07,1.2006
2.15e-07,1.2435
2.1542e-07,1.2858
2.1583e-07,1.3277
2.1625e-07,1.3691
2.1667e-07,1.4099
2.1708e-07,1.4502
2.175e-07,1.4899
2.1792e-07,1.5291
2.1833e-07,1.5676
2.1875e-07,1.6056
2.1917e-07,1.643
2.1958e-07,1.6797
2.2e-07,1.7157
2.2042e-07,1.7511
2.2083e-07,1.7858
2.2125e-07,1.8199
2.2167e-07,1.8532
2.2208e-07,1.8858
2.225e-07,1.9177
2.2292e-07,1.9489
2.2333e-07,1.9793
2.2375e-07,2.0089
2.2417e-07,2.0378
2.2458e-07,2.0659
2.25e-07,2.0932
2.2542e-07,2.1196
2.2583e-07,2.1453
2.2625e-07,2.1701
2.2667e-07,2.1941
2.2708e-07,2.2173
2.275e-07,2.2396
2.2792e-07,2.261
2.2833e-07,2.2816
2.2875e-07,2.3012
2.2917e-07,2.32
2.2958e-07,2.3379
2.3e-07,2.3549
2.3042e-07,2.371
2.3083e-07,2.3862
2.3125e-07,2.4004
2.3167e-07,2.4138
2.3208e-07,2.4262
2.325e-07,2.4376
2.3292e-07,2.4482
2.3333e-07,2.4577
2.3375e-07,2.4664
2.3417e-07,2.4741
2.3458e-07,2.4808
2.35e-07,2.4866
2.3542e-07,2.4914
2.3583e-07,2.4952
2.3625e-07,2.4981
2.3667e-07,2.5001
2.3708e-07,2.501
2.375e-07,2.501
2.3792e-07,2.5001
2.3833e-07,2.4981
2.3875e-07,2.4952
2.3917e-07,2.4914
2.3958e-07,2.4866
2.4e-07,2.4808
2.4042e-07,2.4741
2.4083e-07,2.4664
2.4125e-07,2.4577
2.4167e-07,2.4482
2.4208e-07,2.4376
2.425e-07,2.4262
2.4292e-07,2.4138
2.4333e-07,2.4004
2.4375e-07,2.3862
2.4417e-07,2.371
2.4458e-07,2.3549
2.45e-07,2.3379
2.4542e-07,2.32
2.4583e-07,2.3012
2.4625e-07,2.2816
2.4667e-07,2.261
2.4708e-07,2.2396
2.475e-07,2.2173
2.4792e-07,2.1941
2.4833e-07,2.1701
2.4875e-07,2.1453
2.4917e-07,2.1196
2.4958e-07,2.0932
2.5e-07,2.0659
2.5042e-07,2.0378
2.5083e-07,2.0089
2.5125e-07,1.9793
2.5167e-07,1.9489
2.5208e-07,1.9177
2.525e-07,1.8858
2.5292e-07,1.8532
2.5333e-07,1.8199
2.5375e-07,1.7858
2.5417e-07,1.7511
2.5458e-07,1.7157
2.55e-07,1.6797
2.5542e-07,1.643
2.5583e-07,1.6056
2.5625e-07,1.5676
2.5667e-07,1.5291
2.5708e-07,1.4899
2.575e-07,1.4502
2.5792e-07,1.4099
2.5833e-07,1.3691
2.5875e-07,1.3277
2.5917e-07,1.2858
2.5958e-07,1.2435
2.6e-07,1.2006
2.6042e-07,1.1573
2.6083e-07,1.1136
2.6125e-07,1.0694
2.6167e-07,1.0248
2.6208e-07,0.97978
2.625e-07,0.93441
2.6292e-07,0.88868
2.6333e-07,0.84261
2.6375e-07,0.79621
2.6417e-07,0.7495
2.6458e-07,0.70251
2.65e-07,0.65524
2.6542e-07,0.60773
2.6583e-07,0.55997
2.6625e-07,0.51201
2.6667e-07,0.46384
2.6708e-07,0.4155
2.675e-07,0.36699
2.6792e-07,0.31835
2.6833e-07,0.26958
2.6875e-07,0.22071
2.6917e-07,0.17175
2.6958e-07,0.12272
2.7e-07,0.073654
2.7042e-07,0.024554
2.7083e-07,-0.024554
2.7125e-07,-0.073654
2.7167e-07,-0.12272
2.7208e-07,-0.17175
2.725e-07,-0.22071
2.7292e-07,-0.26958
2.7333e-07,-0.31835
2.7375e-07,-0.36699
2.7417e-07,-0.4155
2.7458e-07,-0.46384
2.75e-07,-0.51201
2.7542e-07,-0.55997
2.7583e-07,-0.60773
2.7625e-07,-0.65524
2.7667e-07,-0.70251
2.7708e-07,-0.7495
2.775e-07,-0.79621
2.7792e-07,-0.84261
2.7833e-07,-0.88868
2.7875e-07,-0.93441
2.7917e-07,-0.97978
2.7958e-07,-1.0248
2.8e-07,-1.0694
2.8042e-07,-1.1136
2.8083e-07,-1.1573
2.8125e-07,-1.2006
2.8167e-07,-1.2435
2.8208e-07,-1.2858
2.825e-07,-1.3277
2.8292e-07,-1.3691
2.8333e-07,-1.4099
2.8375e-07,-1.4502
2.8417e-07,-1.4899
2.8458e-07,-1.5291
2.85e-07,-1.5676
2.8542e-07,-1.6056
2.8583e-07,-1.643
2.8625e-07,-1.6797
2.8667e-07,-1.7157
2.8708e-07,-1.7511
2.875e-07,-1.7858
2.8792e-07,-1.8199
2.8833e-07,-1.8532
2.8875e-07,-1.8858
2.8917e-07,-1.9177
2.8958e-07,-1.9489
2.9e-07,-1.9793
2.9042e-07,-2.0089
2.9083e-07,-2.0378
2.9125e-07,-2.0659
2.9167e-07,-2.0932
2.9208e-07,-2.1196
2.925e-07,-2.1453
2.9292e-07,-2.1701
2.9333e-07,-2.1941
2.9375e-07,-2.2173
2.9417e-07,-2.2396
2.9458e-07,-2.261
2.95e-07,-2.2816
2.9542e-07,-2.3012
2.9583e-07,-2.32
2.9625e-07,-2.3379
2.9667e-07,-2.3549
2.9708e-07,-2.371
2.975e-07,-2.3862
2.9792e-07,-2.4004
2.9833e-07,-2.4138
2.9875e-07,-2.4262
2.9917e-07,-2.4376
2.9958e-07,-2.4482
3e-07,-2.4577
3.0042e-07,-2.4664
3.0083e-07,-2.4741
3.0125e-07,-2.4808
3.0167e-07,-2.4866
3.0208e-07,-2.4914
3.025e-07,-2.4952
3.0292e-07,-2.4981
3.0333e-07,-2.5001
3.0375e-07,-2.501
3.0417e-07,-2.501
3.0458e-07,-2.5001
3.05e-07,-2.4981
3.0542e-07,-2.4952
3.0583e-07,-2.4914
3.0625e-07,-2.4866
3.0667e-07,-2.4808
3.0708e-07,-2.4741
3.075e-07,-2.4664
3.0792e-07,-2.4577
3.0833e-07,-2.4482
3.0875e-07,-2.4376
3.0917e-07,-2.4262
3.0958e-07,-2.4138
3.1e-07,-2.4004
3.1042e-07,-2.3862
3.1083e-07,-2.371
3.1125e-07,-2.3549
3.1167e-07,-2.3382
3.1208e-07,-2.3222
3.125e-07,-2.31
3.1292e-07,-2.3019
3.1333e-07,-2.2952
3.1375e-07,-2.2886
3.1417e-07,-2.2819
3.1458e-07,-2.2752
3.15e-07,-2.2683
3.1542e-07,-2.2614
3.1583e-07,-2.2543
3.1625e-07,-2.2472
3.1667e-07,-2.2399
3.1708e-07,-2.2326
3.175e-07,-2.2252
3.1792e-07,-2.2177
3.1833e-07,-2.21
3.1875e-07,-2.2023
3.1917e-07,-2.1945
3.1958e-07,-2.1866
3.2e-07,-2.1786
3.2042e-07,-2.1705
3.2083e-07,-2.1623
3.2125e-07,-2.154
3.2167e-07,-2.1457
3.2208e-07,-2.1372
3.225e-07,-2.1286
3.2292e-07,-2.12
3.2333e-07,-2.1113
3.2375e-07,-2.1024
3.2417e-07,-2.0935
3.2458e-07,-2.0845
3.25e-07,-2.0754
3.2542e-07,-2.0662
3.2583e-07,-2.057
3.2625e-07,-2.0476
3.2667e-07,-2.0381
3.2708e-07,-2.0286
3.275e-07,-2.019
3.2792e-07,-2.0093
3.2833e-07,-1.9995
3.2875e-07,-1.9896
3.2917e-07,-1.9796
3.2958e-07,-1.9696
3.3e-07,-1.9594
3.3042e-07,-1.9492
3.3083e-07,-1.9389
3.3125e-07,-1.9285
3.3167e-07,-1.9181
3.3208e-07,-1.9075
3.325e-07,-1.8969
3.3292e-07,-1.8862
3.3333e-07,-1.8754
3.3375e-07,-1.8645
3.3417e-07,-1.8535
3.3458e-07,-1.8425
3.35e-07,-1.8314
3.3542e-07,-1.8202
3.3583e-07,-1.8089
3.3625e-07,-1.7976
3.3667e-07,-1.7862
3.3708e-07,-1.7747
3.375e-07,-1.7631
3.3792e-07,-1.7514
3.3833e-07,-1.7397
3.3875e-07,-1.7279
3.3917e-07,-1.716
3.3958e-07,-1.7041
3.4e-07,-1.692
3.4042e-07,-1.6799
3.4083e-07,-1.6678
3.4125e-07,-1.6555
3.4167e-07,-1.6432
3.4208e-07,-1.6309
3.425e-07,-1.6184
3.4292e-07,-1.6059
3.4333e-07,-1.5933
3.4375e-07,-1.5806
3.4417e-07,-1.5679
3.4458e-07,-1.5551
3.45e-07,-1.5423
3.4542e-07,-1.5293
3.4583e-07,-1.5164
3.4625e-07,-1.5033
3.4667e-07,-1.4902
3.4708e-07,-1.477
3.475e-07,-1.4638
3.4792e-07,-1.4504
3.4833e-07,-1.4371
3.4875e-07,-1.4236
3.4917e-07,-1.4101
3.4958e-07,-1.3966
3.5e-07,-1.383
3.5042e-07,-1.3693
3.5083e-07,-1.3556
3.5125e-07,-1.3418
3.5167e-07,-1.3279
3.5208e-07,-1.314
3.525e-07,-1.3001
3.5292e-07,-1.2861
3.5333e-07,-1.272
3.5375e-07,-1.2579
3.5417e-07,-1.2437
3.5458e-07,-1.2295
3.55e-07,-1.2152
3.5542e-07,-1.2008
3.5583e-07,-1.1864
3.5625e-07,-1.172
3.5667e-07,-1.1575
3.5708e-07,-1.143
3.575e-07,-1.1284
3.5792e-07,-1.1137
3.5833e-07,-1.0991
3.5875e-07,-1.0843
3.5917e-07,-1.0696
3.5958e-07,-1.0547
3.6e-07,-1.0399
3.6042e-07,-1.0249
3.6083e-07,-1.01
3.6125e-07,-0.99499
3.6167e-07,-0.97995
3.6208e-07,-0.96486
3.625e-07,-0.94974
3.6292e-07,-0.93457
3.6333e-07,-0.91936
3.6375e-07,-0.90412
3.6417e-07,-0.88883
3.6458e-07,-0.87351
3.65e-07,-0.85815
3.6542e-07,-0.84275
3.6583e-07,-0.82732
3.6625e-07,-0.81185
3.6667e-07,-0.79634
3.6708e-07,-0.78081
3.675e-07,-0.76524
3.6792e-07,-0.74963
3.6833e-07,-0.73399
3.6875e-07,-0.71833
3.6917e-07,-0.70263
3.6958e-07,-0.6869
3.7e-07,-0.67114
3.7042e-07,-0.65536
3.7083e-07,-0.63954
3.7125e-07,-0.6237
3.7167e-07,-0.60783
3.7208e-07,-0.59193
3.725e-07,-0.57601
3.7292e-07,-0.56007
3.7333e-07,-0.5441
3.7375e-07,-0.52811
3.7417e-07,-0.51209
3.7458e-07,-0.49606
3.75e-07,-0.48
3.7542e-07,-0.46392
3.7583e-07,-0.44782
3.7625e-07,-0.4317
3.7667e-07,-0.41557
3.7708e-07,-0.39941
3.775e-07,-0.38324
3.7792e-07,-0.36706
3.7833e-07,-0.35085
3.7875e-07,-0.33463
3.7917e-07,-0.3184
3.7958e-07,-0.30216
3.8e-07,-0.2859
3.8042e-07,-0.26962
3.8083e-07,-0.25334
3.8125e-07,-0.23705
3.8167e-07,-0.22074
3.8208e-07,-0.20443
3.825e-07,-0.18811
3.8292e-07,-0.17178
3.8333e-07,-0.15544
3.8375e-07,-0.1391
3.8417e-07,-0.12275
3.8458e-07,-0.10639
3.85e-07,-0.09003
3.8542e-07,-0.073666
3.8583e-07,-0.057299
3.8625e-07,-0.04093
3.8667e-07,-0.024559
3.8708e-07,-0.0081863
3.875e-07,0.0081863
3.8792e-07,0.024559
3.8833e-07,0.04093
3.8875e-07,0.057299
3.8917e-07,0.073666
3.8958e-07,0.09003
3.9e-07,0.10639
3.9042e-07,0.12275
3.9083e-07,0.1391
3.9125e-07,0.15544
3.9167e-07,0.17178
3.9208e-07,0.18811
3.925e-07,0.20443
3.9292e-07,0.22074
3.9333e-07,0.23705
3.9375e-07,0.25334
3.9417e-07,0.26962
3.9458e-07,0.2859
3.95e-07,0.30216
3.9542e-07,0.3184
3.9583e-07,0.33463
3.9625e-07,0.35085
3.9667e-07,0.36706
3.9708e-07,0.38324
3.975e-07,0.39941
3.9792e-07,0.41557
3.9833e-07,0.4317
3.9875e-07,0.44782
3.9917e-07,0.46392
3.9958e-07,0.48
4e-07,0.49606
4.0042e-07,0.51209
4.0083e-07,0.52811
4.0125e-07,0.5441
4.0167e-07,0.56007
4.0208e-07,0.57601
4.025e-07,0.59193
4.0292e-07,0.60783
4.0333e-07,0.6237
4.0375e-07,0.63954
4.0417e-07,0.65536
4.0458e-07,0.67114
4.05e-07,0.6869
4.0542e-07,0.70263
4.0583e-07,0.71833
4.0625e-07,0.73399
4.0667e-07,0.74963
4.0708e-07,0.76524
4.075e-07,0.78081
4.0792e-07,0.79634
4.0833e-07,0.81185
4.0875e-07,0.82732
4.0917e-07,0.84275
4.0958e-07,0.85815
4.1e-07,0.87351
4.1042e-07,0.88883
4.1083e-07,0.90412
4.1125e-07,0.91936
4.1167e-07,0.93457
4.1208e-07,0.94974
4.125e-07,0.96486
4.1292e-07,0.97995
4.1333e-07,0.99499
4.1375e-07,1.01
4.1417e-07,1.0249
4.1458e-07,1.0399
4.15e-07,1.0547
4.1542e-07,1.0696
4.1583e-07,1.0843
4.1625e-07,1.0991
4.1667e-07,1.1137
4.1708e-07,1.1284
4.175e-07,1.143
4.1792e-07,1.1575
4.1833e-07,1.172
4.1875e-07,1.1864
4.1917e-07,1.2008
4.1958e-07,1.2152
4.2e-07,1.2295
4.2042e-07,1.2437
4.2083e-07,1.2579
4.2125e-07,1.272
4.2167e-07,1.2861
4.2208e-07,1.3001
4.225e-07,1.314
4.2292e-07,1.3279
4.2333e-07,1.3418
4.2375e-07,1.3556
4.2417e-07,1.3693
4.2458e-07,1.383
4.25e-07,1.3966
4.2542e-07,1.4101
4.2583e-07,1.4236
4.2625e-07,1.4371
4.2667e-07,1.4504
4.2708e-07,1.4638
4.275e-07,1.477
4.2792e-07,1.4902
4.2833e-07,1.5033
4.2875e-07,1.5164
4.2917e-07,1.5293
4.2958e-07,1.5423
4.3e-07,1.5551
4.3042e-07,1.5679
4.3083e-07,1.5806
4.3125e-07,1.5933
4.3167e-07,1.6059
4.3208e-07,1.6184
4.325e-07,1.6309
4.3292e-07,1.6432
4.3333e-07,1.6555
4.3375e-07,1.6678
4.3417e-07,1.6799
4.3458e-07,1.692
4.35e-07,1.7041
4.3542e-07,1.716
4.3583e-07,1.7279
4.3625e-07,1.7397
4.3667e-07,1.7514
4.3708e-07,1.7631
4.375e-07,1.7747
4.3792e-07,1.7862
4.3833e-07,1.7976
4.3875e-07,1.8089
4.3917e-07,1.8202
4.3958e-07,1.8314
4.4e-07,1.8425
4.4042e-07,1.8535
4.4083e-07,1.8645
4.4125e-07,1.8754
4.4167e-07,1.8862
4.4208e-07,1.8969
4.425e-07,1.9075
4.4292e-07,1.9181
4.4333e-07,1.9285
4.4375e-07,1.9389
4.4417e-07,1.9492
4.4458e-07,1.9594
4.45e-07,1.9696
4.4542e-07,1.9796
4.4583e-07,1.9896
4.4625e-07,1.9995
4.4667e-07,2.0093
4.4708e-07,2.019
4.475e-07,2.0286
4.4792e-07,2.0381
4.4833e-07,2.0476
4.4875e-07,2.057
4.4917e-07,2.0662
4.4958e-07,2.0754
4.5e-07,2.0845
4.5042e-07,2.0935
4.5083e-07,2.1024
4.5125e-07,2.1113
4.5167e-07,2.12
4.5208e-07,2.1286
4.525e-07,2.1372
4.5292e-07,2.1457
4.5333e-07,2.154
4.5375e-07,2.1623
4.5417e-07,2.1705
4.5458e-07,2.1786
4.55e-07,2.1866
4.5542e-07,2.1945
4.5583e-07,2.2023
4.5625e-07,2.21
4.5667e-07,2.2177
4.5708e-07,2.2252
4.575e-07,2.2326
4.5792e-07,2.2399
4.5833e-07,2.2472
4.5875e-07,2.2543
4.5917e-07,2.2614
4.5958e-07,2.2683
4.6e-07,2.2752
4.6042e-07,2.2819
4.6083e-07,2.2886
4.6125e-07,2.2952
4.6167e-07,2.3016
4.6208e-07,2.308
4.625e-07,2.3143
4.6292e-07,2.3204
4.6333e-07,2.3265
4.6375e-07,2.3325
4.6417e-07,2.3383
4.6458e-07,2.3441
4.65e-07,2.3498
4.6542e-07,2.3553
4.6583e-07,2.3608
4.6625e-07,2.3662
4.6667e-07,2.3714
4.6708e-07,2.3766
4.675e-07,2.3816
4.6792e-07,2.3866
4.6833e-07,2.3915
4.6875e-07,2.3962
4.6917e-07,2.4009
4.6958e-07,2.4054
4.7e-07,2.4099
4.7042e-07,2.4142
4.7083e-07,2.4184
4.7125e-07,2.4226
4.7167e-07,2.4266
4.7208e-07,2.4305
4.725e-07,2.4343
4.7292e-07,2.4381
4.7333e-07,2.4417
4.7375e-07,2.4452
4.7417e-07,2.4486
4.7458e-07,2.4519
4.75e-07,2.4551
4.7542e-07,2.4582
4.7583e-07,2.4612
4.7625e-07,2.464
4.7667e-07,2.4668
4.7708e-07,2.4695
4.775e-07,2.472
4.7792e-07,2.4745
4.7833e-07,2.4768
4.7875e-07,2.4791
4.7917e-07,2.4812
4.7958e-07,2.4832
4.8e-07,2.4852
4.8042e-07,2.487
4.8083e-07,2.4887
4.8125e-07,2.4903
4.8167e-07,2.4918
4.8208e-07,2.4932
4.825e-07,2.4945
4.8292e-07,2.4957
4.8333e-07,2.4967
4.8375e-07,2.4977
4.8417e-07,2.4985
4.8458e-07,2.4993
4.85e-07,2.4999
4.8542e-07,2.5005
4.8583e-07,2.5009
4.8625e-07,2.5012
4.8667e-07,2.5014
4.8708e-07,2.5015
4.875e-07,2.5015
4.8792e-07,2.5014
4.8833e-07,2.5012
4.8875e-07,2.5009
4.8917e-07,2.5005
4.8958e-07,2.4999
4.9e-07,2.4993
4.9042e-07,2.4985
4.9083e-07,2.4977
4.9125e-07,2.4967
4.9167e-07,2.4957
4.9208e-07,2.4945
4.925e-07,2.4932
4.9292e-07,2.4918
4.9333e-07,2.4903
4.9375e-07,2.4887
4.9417e-07,2.487
4.9458e-07,2.4852
4.95e-07,2.4832
4.9542e-07,2.4812
4.9583e-07,2.4791
4.9625e-07,2.4768
4.9667e-07,2.4745
4.9708e-07,2.472
4.975e-07,2.4695
4.9792e-07,2.4668
4.9833e-07,2.464
4.9875e-07,2.4612
4.9917e-07,2.4582
4.9958e-07,2.4551
5e-07,2.4519
5.0042e-07,2.4486
5.0083e-07,2.4452
5.0125e-07,2.4417
5.0167e-07,2.4381
5.0208e-07,2.4343
5.025e-07,2.4305
5.0292e-07,2.4266
5.0333e-07,2.4226
5.0375e-07,2.4184
5.0417e-07,2.4142
5.0458e-07,2.4099
5.05e-07,2.4054
5.0542e-07,2.4009
5.0583e-07,2.3962
5.0625e-07,2.3915
5.0667e-07,2.3866
5.0708e-07,2.3816
5.075e-07,2.3766
5.0792e-07,2.3714
5.0833e-07,2.3662
5.0875e-07,2.3608
5.0917e-07,2.3553
5.0958e-07,2.3498
5.1e-07,2.3441
5.1042e-07,2.3383
5.1083e-07,2.3325
5.1125e-07,2.3265
5.1167e-07,2.3204
5.1208e-07,2.3143
5.125e-07,2.308
5.1292e-07,2.3016
5.1333e-07,2.2952
5.1375e-07,2.2886
5.1417e-07,2.2819
5.1458e-07,2.2752
5.15e-07,2.2683
5.1542e-07,2.2614
5.1583e-07,2.2543
5.1625e-07,2.2472
5.1667e-07,2.2399
5.1708e-07,2.2326
5.175e-07,2.2252
5.1792e-07,2.2177
5.1833e-07,2.21
5.1875e-07,2.2023
5.1917e-07,2.1945
5.1958e-07,2.1866
5.2e-07,2.1786
5.2042e-07,2.1705
5.2083e-07,2.1623
5.2125e-07,2.154
5.2167e-07,2.1457
5.2208e-07,2.1372
5.225e-07,2.1286
5.2292e-07,2.12
5.2333e-07,2.1113
5.2375e-07,2.1024
5.2417e-07,2.0935
5.2458e-07,2.0845
5.25e-07,2.0754
5.2542e-07,2.0662
5.2583e-07,2.057
5.2625e-07,2.0476
5.2667e-07,2.0381
5.2708e-07,2.0286
5.275e-07,2.019
5.2792e-07,2.0093
5.2833e-07,1.9995
5.2875e-07,1.9896
5.2917e-07,1.9796
5.2958e-07,1.9696
5.3e-07,1.9594
5.3042e-07,1.9492
5.3083e-07,1.9389
5.3125e-07,1.9285
5.3167e-07,1.9181
5.3208e-07,1.9075
5.325e-07,1.8969
5.3292e-07,1.8862
5.3333e-07,1.8754
5.3375e-07,1.8645
5.3417e-07,1.8535
5.3458e-07,1.8425
5.35e-07,1.8314
5.3542e-07,1.8202
5.3583e-07,1.8089
5.3625e-07,1.7976
5.3667e-07,1.7862
5.3708e-07,1.7747
5.375e-07,1.7631
5.3792e-07,1.7514
5.3833e-07,1.7397
5.3875e-07,1.7279
5.3917e-07,1.716
5.3958e-07,1.7041
5.4e-07,1.692
5.4042e-07,1.6799
5.4083e-07,1.6678
5.4125e-07,1.6555
5.4167e-07,1.6432
5.4208e-07,1.6309
5.425e-07,1.6184
5.4292e-07,1.6059
5.4333e-07,1.5933
5.4375e-07,1.5806
5.4417e-07,1.5679
5.4458e-07,1.5551
5.45e-07,1.5423
5.4542e-07,1.5293
5.4583e-07,1.5164
5.4625e-07,1.5033
5.4667e-07,1.4902
5.4708e-07,1.477
5.475e-07,1.4638
5.4792e-07,1.4504
5.4833e-07,1.4371
5.4875e-07,1.4236
5.4917e-07,1.4101
5.4958e-07,1.3966
5.5e-07,1.383
5.5042e-07,1.3693
5.5083e-07,1.3556
5.5125e-07,1.3418
5.5167e-07,1.3279
5.5208e-07,1.314
5.525e-07,1.3001
5.5292e-07,1.2861
5.5333e-07,1.272
5.5375e-07,1.2579
5.5417e-07,1.2437
5.5458e-07,1.2295
5.55e-07,1.2152
5.5542e-07,1.2008
5.5583e-07,1.1864
5.5625e-07,1.172
5.5667e-07,1.1575
5.5708e-07,1.143
5.575e-07,1.1284
5.5792e-07,1.1137
5.5833e-07,1.0991
5.5875e-07,1.0843
5.5917e-07,1.0696
5.5958e-07,1.0547
5.6e-07,1.0399
5.6042e-07,1.0249
5.6083e-07,1.01
5.6125e-07,0.99499
5.6167e-07,0.97995
5.6208e-07,0.96486
5.625e-07,0.94974
5.6292e-07,0.93457
5.6333e-07,0.91936
5.6375e-07,0.90412
5.6417e-07,0.88883
5.6458e-07,0.87351
5.65e-07,0.85815
5.6542e-07,0.84275
5.6583e-07,0.82732
5.6625e-07,0.81185
5.6667e-07,0.79634
5.6708e-07,0.78081
5.675e-07,0.76524
5.6792e-07,0.74963
5.6833e-07,0.73399
5.6875e-07,0.71833
5.6917e-07,0.70263
5.6958e-07,0.6869
5.7e-07,0.67114
5.7042e-07,0.65536
5.7083e-07,0.63954
5.7125e-07,0.6237
5.7167e-07,0.60783
5.7208e-07,0.59193
5.725e-07,0.57601
5.7292e-07,0.56007
5.7333e-07,0.5441
5.7375e-07,0.52811
5.7417e-07,0.51209
5.7458e-07,0.49606
5.75e-07,0.48
5.7542e-07,0.46392
5.7583e-07,0.44782
5.7625e-07,0.4317
5.7667e-07,0.41557
5.7708e-07,0.39941
5.775e-07,0.38324
5.7792e-07,0.36706
5.7833e-07,0.35085
5.7875e-07,0.33463
5.7917e-07,0.3184
5.7958e-07,0.30216
5.8e-07,0.2859
5.8042e-07,0.26962
5.8083e-07,0.25334
5.8125e-07,0.23705
5.8167e-07,0.22074
5.8208e-07,0.20443
5.825e-07,0.18811
5.8292e-07,0.17178
5.8333e-07,0.15544
5.8375e-07,0.1391
5.8417e-07,0.12275
5.8458e-07,0.10639
5.85e-07,0.09003
5.8542e-07,0.073666
5.8583e-07,0.057299
5.8625e-07,0.04093
5.8667e-07,0.024559
5.8708e-07,0.0081863
5.875e-07,-0.0081863
5.8792e-07,-0.024559
5.8833e-07,-0.04093
5.8875e-07,-0.057299
5.8917e-07,-0.073666
5.8958e-07,-0.09003
5.9e-07,-0.10639
5.9042e-07,-0.12275
5.9083e-07,-0.1391
5.9125e-07,-0.15544
5.9167e-07,-0.17178
5.9208e-07,-0.18811
5.925e-07,-0.20443
5.9292e-07,-0.22074
5.9333e-07,-0.23705
5.9375e-07,-0.25334
5.9417e-07,-0.26962
5.9458e-07,-0.2859
5.95e-07,-0.30216
5.9542e-07,-0.3184
5.9583e-07,-0.33463
5.9625e-07,-0.35085
5.9667e-07,-0.36706
5.9708e-07,-0.38324
5.975e-07,-0.39941
5.9792e-07,-0.41557
5.9833e-07,-0.4317
5.9875e-07,-0.44782
5.9917e-07,-0.46392
5.9958e-07,-0.48
6e-07,-0.49606
6.0042e-07,-0.51209
6.0083e-07,-0.52811
6.0125e-07,-0.5441
6.0167e-07,-0.56007
6.0208e-07,-0.57601
6.025e-07,-0.59193
6.0292e-07,-0.60783
6.0333e-07,-0.6237
6.0375e-07,-0.63954
6.0417e-07,-0.65536
6.0458e-07,-0.67114
6.05e-07,-0.6869
6.0542e-07,-0.70263
6.0583e-07,-0.71833
6.0625e-07,-0.73399
6.0667e-07,-0.74963
6.0708e-07,-0.76524
6.075e-07,-0.78081
6.0792e-07,-0.79634
6.0833e-07,-0.81185
6.0875e-07,-0.82732
6.0917e-07,-0.84275
6.0958e-07,-0.85815
6.1e-07,-0.87351
6.1042e-07,-0.88883
6.1083e-07,-0.90412
6.1125e-07,-0.91936
6.1167e-07,-0.93457
6.1208e-07,-0.94974
6.125e-07,-0.96486
6.1292e-07,-0.97995
6.1333e-07,-0.99499
6.1375e-07,-1.01
6.1417e-07,-1.0249
6.1458e-07,-1.0399
6.15e-07,-1.0547
6.1542e-07,-1.0696
6.1583e-07,-1.0843
6.1625e-07,-1.0991
6.1667e-07,-1.1137
6.1708e-07,-1.1284
6.175e-07,-1.143
6.1792e-07,-1.1575
6.1833e-07,-1.172
6.1875e-07,-1.1864
6.1917e-07,-1.2008
6.1958e-07,-1.2152
6.2e-07,-1.2295
6.2042e-07,-1.2437
6.2083e-07,-1.2579
6.2125e-07,-1.272
6.2167e-07,-1.2861
6.2208e-07,-1.3001
6.225e-07,-1.314
6.2292e-07,-1.3279
6.2333e-07,-1.3418
6.2375e-07,-1.3556
6.2417e-07,-1.3693
6.2458e-07,-1.383
6.25e-07,-1.3966
6.2542e-07,-1.4101
6.2583e-07,-1.4236
6.2625e-07,-1.4371
6.2667e-07,-1.4504
6.2708e-07,-1.4638
6.275e-07,-1.477
6.2792e-07,-1.4902
6.2833e-07,-1.5033
6.2875e-07,-1.5164
6.2917e-07,-1.5293
6.2958e-07,-1.5423
6.3e-07,-1.5551
6.3042e-07,-1.5679
6.3083e-07,-1.5806
6.3125e-07,-1.5933
6.3167e-07,-1.6059
6.3208e-07,-1.6184
6.325e-07,-1.6309
6.3292e-07,-1.6432
6.3333e-07,-1.6555
6.3375e-07,-1.6678
6.3417e-07,-1.6799
6.3458e-07,-1.692
6.35e-07,-1.7041
6.3542e-07,-1.716
6.3583e-07,-1.7279
6.3625e-07,-1.7397
6.3667e-07,-1.7514
6.3708e-07,-1.7631
6.375e-07,-1.7747
6.3792e-07,-1.7862
6.3833e-07,-1.7976
6.3875e-07,-1.8089
6.3917e-07,-1.8202
6.3958e-07,-1.8314
6.4e-07,-1.8425
6.4042e-07,-1.8535
6.4083e-07,-1.8645
6.4125e-07,-1.8754
6.4167e-07,-1.8862
6.4208e-07,-1.8969
6.425e-07,-1.9075
6.4292e-07,-1.9181
6.4333e-07,-1.9285
6.4375e-07,-1.9389
6.4417e-07,-1.9492
6.4458e-07,-1.9594
6.45e-07,-1.9696
6.4542e-07,-1.9796
6.4583e-07,-1.9896
6.4625e-07,-1.9995
6.4667e-07,-2.0093
6.4708e-07,-2.019
6.475e-07,-2.0286
6.4792e-07,-2.0381
6.4833e-07,-2.0476
6.4875e-07,-2.057
6.4917e-07,-2.0662
6.4958e-07,-2.0754
6.5e-07,-2.0845
6.5042e-07,-2.0935
6.5083e-07,-2.1024
6.5125e-07,-2.1113
6.5167e-07,-2.12
6.5208e-07,-2.1286
6.525e-07,-2.1372
6.5292e-07,-2.1457
6.5333e-07,-2.154
6.5375e-07,-2.1623
6.5417e-07,-2.1705
6.5458e-07,-2.1786
6.55e-07,-2.1866
6.5542e-07,-2.1945
6.5583e-07,-2.2023
6.5625e-07,-2.21
6.5667e-07,-2.2177
6.5708e-07,-2.2252
6.575e-07,-2.2326
6.5792e-07,-2.2399
6.5833e-07,-2.2472
6.5875e-07,-2.2543
6.5917e-07,-2.2614
6.5958e-07,-2.2683
6.6e-07,-2.2752
6.6042e-07,-2.2819
6.6083e-07,-2.2886
6.6125e-07,-2.2952
6.6167e-07,-2.3016
6.6208e-07,-2.308
6.625e-07,-2.3143
6.6292e-07,-2.3204
6.6333e-07,-2.3265
6.6375e-07,-2.3325
6.6417e-07,-2.3383
6.6458e-07,-2.3441
6.65e-07,-2.3498
6.6542e-07,-2.3553
6.6583e-07,-2.3608
6.6625e-07,-2.3662
6.6667e-07,-2.3714
6.6708e-07,-2.3766
6.675e-07,-2.3816
6.6792e-07,-2.3866
6.6833e-07,-2.3915
6.6875e-07,-2.3962
6.6917e-07,-2.4009
6.6958e-07,-2.4054
6.7e-07,-2.4099
6.7042e-07,-2.4142
6.7083e-07,-2.4184
6.7125e-07,-2.4226
6.7167e-07,-2.4266
6.7208e-07,-2.4305
6.725e-07,-2.4343
6.7292e-07,-2.4381
6.7333e-07,-2.4417
6.7375e-07,-2.4452
6.7417e-07,-2.4486
6.7458e-07,-2.4519
6.75e-07,-2.4551
6.7542e-07,-2.4582
6.7583e-07,-2.4612
6.7625e-07,-2.464
6.7667e-07,-2.4668
6.7708e-07,-2.4695
6.775e-07,-2.472
6.7792e-07,-2.4745
6.7833e-07,-2.4768
6.7875e-07,-2.4791
6.7917e-07,-2.4812
6.7958e-07,-2.4832
6.8e-07,-2.4852
6.8042e-07,-2.487
6.8083e-07,-2.4887
6.8125e-07,-2.4903
6.8167e-07,-2.4918
6.8208e-07,-2.4932
6.825e-07,-2.4945
6.8292e-07,-2.4957
6.8333e-07,-2.4967
6.8375e-07,-2.4977
6.8417e-07,-2.4985
6.8458e-07,-2.4993
6.85e-07,-2.4999
6.8542e-07,-2.5005
6.8583e-07,-2.5009
6.8625e-07,-2.5012
6.8667e-07,-2.5014
6.8708e-07,-2.5015
6.875e-07,-2.5015
6.8792e-07,-2.5014
6.8833e-07,-2.5012
6.8875e-07,-2.5009
6.8917e-07,-2.5005
6.8958e-07,-2.4999
6.9e-07,-2.4993
6.9042e-07,-2.4985
6.9083e-07,-2.4977
6.9125e-07,-2.4967
6.9167e-07,-2.4957
6.9208e-07,-2.4945
6.925e-07,-2.4932
6.9292e-07,-2.4918
6.9333e-07,-2.4903
6.9375e-07,-2.4887
6.9417e-07,-2.487
6.9458e-07,-2.4852
6.95e-07,-2.4832
6.9542e-07,-2.4812
6.9583e-07,-2.4791
6.9625e-07,-2.4768
6.9667e-07,-2.4745
6.9708e-07,-2.472
6.975e-07,-2.4695
6.9792e-07,-2.4668
6.9833e-07,-2.464
6.9875e-07,-2.4612
6.9917e-07,-2.4582
6.9958e-07,-2.4551
7e-07,-2.4519
7.0042e-07,-2.4486
7.0083e-07,-2.4452
7.0125e-07,-2.4417
7.0167e-07,-2.4381
7.0208e-07,-2.4343
7.025e-07,-2.4305
7.0292e-07,-2.4266
7.0333e-07,-2.4226
7.0375e-07,-2.4184
7.0417e-07,-2.4142
7.0458e-07,-2.4099
7.05e-07,-2.4054
7.0542e-07,-2.4009
7.0583e-07,-2.3962
7.0625e-07,-2.3915
7.0667e-07,-2.3866
7.0708e-07,-2.3816
7.075e-07,-2.3766
7.0792e-07,-2.3714
7.0833e-07,-2.3662
7.0875e-07,-2.3608
7.0917e-07,-2.3553
7.0958e-07,-2.3498
7.1e-07,-2.3441
7.1042e-07,-2.3383
7.1083e-07,-2.3325
7.1125e-07,-2.3265
7.1167e-07,-2.3204
7.1208e-07,-2.3143
7.125e-07,-2.308
7.1292e-07,-2.3016
7.1333e-07,-2.2952
7.1375e-07,-2.2886
7.1417e-07,-2.2819
7.1458e-07,-2.2752
7.15e-07,-2.2683
7.1542e-07,-2.2614
7.1583e-07,-2.2543
7.1625e-07,-2.2472
7.1667e-07,-2.2399
7.1708e-07,-2.2326
7.175e-07,-2.2252
7.1792e-07,-2.2177
7.1833e-07,-2.21
7.1875e-07,-2.2023
7.1917e-07,-2.1945
7.1958e-07,-2.1866
7.2e-07,-2.1786
7.2042e-07,-2.1705
7.2083e-07,-2.1623
7.2125e-07,-2.154
7.2167e-07,-2.1457
7.2208e-07,-2.1372
7.225e-07,-2.1286
7.2292e-07,-2.12
7.2333e-07,-2.1113
7.2375e-07,-2.1024
7.2417e-07,-2.0935
7.2458e-07,-2.0845
7.25e-07,-2.0754
7.2542e-07,-2.0662
7.2583e-07,-2.057
7.2625e-07,-2.0476
7.2667e-07,-2.0381
7.2708e-07,-2.0286
7.275e-07,-2.019
7.2792e-07,-2.0093
7.2833e-07,-1.9991
7.2875e-07,-1.9862
7.2917e-07,-1.966
7.2958e-07,-1.9382
7.3e-07,-1.9072
7.3042e-07,-1.875
7.3083e-07,-1.8422
7.3125e-07,-1.8086
7.3167e-07,-1.7743
7.3208e-07,-1.7394
7.325e-07,-1.7038
7.3292e-07,-1.6675
7.3333e-07,-1.6306
7.3375e-07,-1.593
7.3417e-07,-1.5549
7.3458e-07,-1.5161
7.35e-07,-1.4767
7.3542e-07,-1.4368
7.3583e-07,-1.3964
7.3625e-07,-1.3553
7.3667e-07,-1.3138
7.3708e-07,-1.2718
7.375e-07,-1.2292
7.3792e-07,-1.1862
7.3833e-07,-1.1428
7.3875e-07,-1.0989
7.3917e-07,-1.0546
7.3958e-07,-1.0098
7.4e-07,-0.9647
7.4042e-07,-0.91921
7.4083e-07,-0.87336
7.4125e-07,-0.82718
7.4167e-07,-0.78067
7.4208e-07,-0.73387
7.425e-07,-0.68678
7.4292e-07,-0.63943
7.4333e-07,-0.59183
7.4375e-07,-0.54401
7.4417e-07,-0.49597
7.4458e-07,-0.44775
7.45e-07,-0.39935
7.4542e-07,-0.35079
7.4583e-07,-0.3021
7.4625e-07,-0.2533
7.4667e-07,-0.2044
7.4708e-07,-0.15541
7.475e-07,-0.10637
7.4792e-07,-0.05729
7.4833e-07,-0.0081849
7.4875e-07,0.040923
7.4917e-07,0.090015
7.4958e-07,0.13907
7.5e-07,0.18808
7.5042e-07,0.23701
7.5083e-07,0.28585
7.5125e-07,0.33458
7.5167e-07,0.38318
7.5208e-07,0.43163
7.525e-07,0.47992
7.5292e-07,0.52802
7.5333e-07,0.57592
7.5375e-07,0.62359
7.5417e-07,0.67103
7.5458e-07,0.7182
7.55e-07,0.7651
7.5542e-07,0.81171
7.5583e-07,0.858
7.5625e-07,0.90396
7.5667e-07,0.94958
7.5708e-07,0.99482
7.575e-07,1.0397
7.5792e-07,1.0841
7.5833e-07,1.1282
7.5875e-07,1.1718
7.5917e-07,1.215
7.5958e-07,1.2576
7.6e-07,1.2999
7.6042e-07,1.3416
7.6083e-07,1.3827
7.6125e-07,1.4234
7.6167e-07,1.4635
7.6208e-07,1.503
7.625e-07,1.542
7.6292e-07,1.5804
7.6333e-07,1.6181
7.6375e-07,1.6553
7.6417e-07,1.6918
7.6458e-07,1.7276
7.65e-07,1.7628
7.6542e-07,1.7973
7.6583e-07,1.8311
7.6625e-07,1.8642
7.6667e-07,1.8966
7.6708e-07,1.9282
7.675e-07,1.9591
7.6792e-07,1.9893
7.6833e-07,2.0186
7.6875e-07,2.0472
7.6917e-07,2.0751
7.6958e-07,2.1021
7.7e-07,2.1283
7.7042e-07,2.1537
7.7083e-07,2.1782
7.7125e-07,2.2019
7.7167e-07,2.2248
7.7208e-07,2.2468
7.725e-07,2.2679
7.7292e-07,2.2882
7.7333e-07,2.3076
7.7375e-07,2.3261
7.7417e-07,2.3437
7.7458e-07,2.3604
7.75e-07,2.3762
7.7542e-07,2.391
7.7583e-07,2.405
7.7625e-07,2.418
7.7667e-07,2.4301
7.7708e-07,2.4413
7.775e-07,2.4515
7.7792e-07,2.4607
7.7833e-07,2.469
7.7875e-07,2.4764
7.7917e-07,2.4828
7.7958e-07,2.4883
7.8e-07,2.4928
7.8042e-07,2.4963
7.8083e-07,2.4989
7.8125e-07,2.5005
7.8167e-07,2.5011
7.8208e-07,2.5008
7.825e-07,2.4995
7.8292e-07,2.4973
7.8333e-07,2.4941
7.8375e-07,2.4899
7.8417e-07,2.4847
7.8458e-07,2.4787
7.85e-07,2.4716
7.8542e-07,2.4636
7.8583e-07,2.4547
7.8625e-07,2.4448
7.8667e-07,2.4339
7.8708e-07,2.4221
7.875e-07,2.4094
7.8792e-07,2.3958
7.8833e-07,2.3812
7.8875e-07,2.3658
7.8917e-07,2.3494
7.8958e-07,2.3321
7.9e-07,2.3139
7.9042e-07,2.2948
7.9083e-07,2.2748
7.9125e-07,2.254
7.9167e-07,2.2322
7.9208e-07,2.2097
7.925e-07,2.1862
7.9292e-07,2.1619
7.9333e-07,2.1368
7.9375e-07,2.1109
7.9417e-07,2.0842
7.9458e-07,2.0566
7.95e-07,2.0283
7.9542e-07,1.9991
7.9583e-07,1.9692
7.9625e-07,1.9386
7.9667e-07,1.9072
7.9708e-07,1.875
7.975e-07,1.8422
7.9792e-07,1.8086
7.9833e-07,1.7743
7.9875e-07,1.7394
7.9917e-07,1.7038
7.9958e-07,1.6675
8e-07,1.6306
8.0042e-07,1.593
8.0083e-07,1.5549
8.0125e-07,1.5161
8.0167e-07,1.4767
8.0208e-07,1.4368
8.025e-07,1.3964
8.0292e-07,1.3553
8.0333e-07,1.3138
8.0375e-07,1.2718
8.0417e-07,1.2292
8.0458e-07,1.1862
8.05e-07,1.1428
8.0542e-07,1.0989
8.0583e-07,1.0546
8.0625e-07,1.0098
8.0667e-07,0.9647
8.0708e-07,0.91921
8.075e-07,0.87336
8.0792e-07,0.82718
8.0833e-07,0.78067
8.0875e-07,0.73387
8.0917e-07,0.68678
8.0958e-07,0.63943
8.1e-07,0.59183
8.1042e-07,0.54401
8.1083e-07,0.49597
8.1125e-07,0.44775
8.1167e-07,0.39935
8.1208e-07,0.35079
8.125e-07,0.3021
8.1292e-07,0.2533
8.1333e-07,0.2044
8.1375e-07,0.15541
8.1417e-07,0.10637
8.1458e-07,0.05729
8.15e-07,0.0081849
8.1542e-07,-0.040923
8.1583e-07,-0.090015
8.1625e-07,-0.13907
8.1667e-07,-0.18808
8.1708e-07,-0.23701
8.175e-07,-0.28585
8.1792e-07,-0.33458
8.1833e-07,-0.38318
8.1875e-07,-0.43163
8.1917e-07,-0.47992
8.1958e-07,-0.52802
8.2e-07,-0.57592
8.2042e-07,-0.62359
8.2083e-07,-0.67103
8.2125e-07,-0.7182
8.2167e-07,-0.7651
8.2208e-07,-0.81171
8.225e-07,-0.858
8.2292e-07,-0.90396
8.2333e-07,-0.94958
8.2375e-07,-0.99482
8.2417e-07,-1.0397
8.2458e-07,-1.0841
8.25e-07,-1.1282
8.2542e-07,-1.1718
8.2583e-07,-1.215
8.2625e-07,-1.2576
8.2667e-07,-1.2999
8.2708e-07,-1.3416
8.275e-07,-1.3827
8.2792e-07,-1.4234
8.2833e-07,-1.4635
8.2875e-07,-1.503
8.2917e-07,-1.542
8.2958e-07,-1.5804
8.3e-07,-1.6181
8.3042e-07,-1.6553
8.3083e-07,-1.6918
8.3125e-07,-1.7276
8.3167e-07,-1.7628
8.3208e-07,-1.7973
8.325e-07,-1.8311
8.3292e-07,-1.8642
8.3333e-07,-1.8966
8.3375e-07,-1.9282
8.3417e-07,-1.9591
8.3458e-07,-1.9893
8.35e-07,-2.0186
8.3542e-07,-2.0472
8.3583e-07,-2.0751
8.3625e-07,-2.1021
8.3667e-07,-2.1283
8.3708e-07,-2.1537
8.375e-07,-2.1782
8.3792e-07,-2.2019
8.3833e-07,-2.2248
8.3875e-07,-2.2468
8.3917e-07,-2.2679
8.3958e-07,-2.2882
8.4e-07,-2.3076
8.4042e-07,-2.3261
8.4083e-07,-2.3437
8.4125e-07,-2.3604
8.4167e-07,-2.3762
8.4208e-07,-2.391
8.425e-07,-2.405
8.4292e-07,-2.418
8.4333e-07,-2.4301
8.4375e-07,-2.4413
8.4417e-07,-2.4515
8.4458e-07,-2.4607
8.45e-07,-2.469
8.4542e-07,-2.4764
8.4583e-07,-2.4828
8.4625e-07,-2.4883
8.4667e-07,-2.4928
8.4708e-07,-2.4963
8.475e-07,-2.4989
8.4792e-07,-2.5005
8.4833e-07,-2.5011
8.4875e-07,-2.5008
8.4917e-07,-2.4995
8.4958e-07,-2.4973
8.5e-07,-2.4941
8.5042e-07,-2.4899
8.5083e-07,-2.4847
8.5125e-07,-2.4787
8.5167e-07,-2.4716
8.5208e-07,-2.4636
8.525e-07,-2.4547
8.5292e-07,-2.4448
8.5333e-07,-2.4339
8.5375e-07,-2.4221
8.5417e-07,-2.4094
8.5458e-07,-2.3958
8.55e-07,-2.3812
8.5542e-07,-2.3658
8.5583e-07,-2.3494
8.5625e-07,-2.3321
8.5667e-07,-2.3139
8.5708e-07,-2.2948
8.575e-07,-2.2748
8.5792e-07,-2.254
8.5833e-07,-2.2322
8.5875e-07,-2.2097
8.5917e-07,-2.1862
8.5958e-07,-2.1619
8.6e-07,-2.1368
8.6042e-07,-2.1109
8.6083e-07,-2.0842
8.6125e-07,-2.0566
8.6167e-07,-2.0283
8.6208e-07,-1.9991
8.625e-07,-1.9692
8.6292e-07,-1.9386
8.6333e-07,-1.9072
8.6375e-07,-1.875
8.6417e-07,-1.8422
8.6458e-07,-1.8086
8.65e-07,-1.7743
8.6542e-07,-1.7394
8.6583e-07,-1.7038
8.6625e-07,-1.6675
8.6667e-07,-1.6306
8.6708e-07,-1.593
8.675e-07,-1.5549
8.6792e-07,-1.5161
8.6833e-07,-1.4767
8.6875e-07,-1.4368
8.6917e-07,-1.3964
8.6958e-07,-1.3553
8.7e-07,-1.3138
8.7042e-07,-1.2718
8.7083e-07,-1.2292
8.7125e-07,-1.1862
8.7167e-07,-1.1428
8.7208e-07,-1.0989
8.725e-07,-1.0546
8.7292e-07,-1.0098
8.7333e-07,-0.9647
8.7375e-07,-0.91921
8.7417e-07,-0.87336
8.7458e-07,-0.82718
8.75e-07,-0.78067
8.7542e-07,-0.73387
8.7583e-07,-0.68678
8.7625e-07,-0.63943
8.7667e-07,-0.59183
8.7708e-07,-0.54401
8.775e-07,-0.49597
8.7792e-07,-0.44775
8.7833e-07,-0.39935
8.7875e-07,-0.35079
8.7917e-07,-0.3021
8.7958e-07,-0.2533
8.8e-07,-0.2044
8.8042e-07,-0.15541
8.8083e-07,-0.10637
8.8125e-07,-0.05729
8.8167e-07,-0.0081849
8.8208e-07,0.040923
8.825e-07,0.090015
8.8292e-07,0.13907
8.8333e-07,0.18808
8.8375e-07,0.23701
8.8417e-07,0.28585
8.8458e-07,0.33458
8.85e-07,0.38318
8.8542e-07,0.43163
8.8583e-07,0.47992
8.8625e-07,0.52802
8.8667e-07,0.57592
8.8708e-07,0.62359
8.875e-07,0.67103
8.8792e-07,0.7182
8.8833e-07,0.7651
8.8875e-07,0.81171
8.8917e-07,0.858
8.8958e-07,0.90396
8.9e-07,0.94958
8.9042e-07,0.99482
8.9083e-07,1.0397
8.9125e-07,1.0841
8.9167e-07,1.1282
8.9208e-07,1.1718
8.925e-07,1.215
8.9292e-07,1.2576
8.9333e-07,1.2999
8.9375e-07,1.3416
8.9417e-07,1.3827
8.9458e-07,1.4234
8.95e-07,1.4635
8.9542e-07,1.503
8.9583e-07,1.542
8.9625e-07,1.5804
8.9667e-07,1.6181
8.9708e-07,1.6553
8.975e-07,1.6918
8.9792e-07,1.7276
8.9833e-07,1.7628
8.9875e-07,1.7973
8.9917e-07,1.8311
8.9958e-07,1.8642
9e-07,1.8966
9.0042e-07,1.9282
9.0083e-07,1.9591
9.0125e-07,1.9893
9.0167e-07,2.0186
9.0208e-07,2.0472
9.025e-07,2.0751
9.0292e-07,2.1021
9.0333e-07,2.1283
9.0375e-07,2.1537
9.0417e-07,2.1782
9.0458e-07,2.2019
9.05e-07,2.2248
9.0542e-07,2.2468
9.0583e-07,2.2679
9.0625e-07,2.2882
9.0667e-07,2.3076
9.0708e-07,2.3261
9.075e-07,2.3437
9.0792e-07,2.3604
9.0833e-07,2.3762
9.0875e-07,2.391
9.0917e-07,2.405
9.0958e-07,2.418
9.1e-07,2.4301
9.1042e-07,2.4413
9.1083e-07,2.4515
9.1125e-07,2.4607
9.1167e-07,2.469
9.1208e-07,2.4764
9.125e-07,2.4828
9.1292e-07,2.4883
9.1333e-07,2.4928
9.1375e-07,2.4963
9.1417e-07,2.4989
9.1458e-07,2.5005
9.15e-07,2.5011
9.1542e-07,2.5008
9.1583e-07,2.4995
9.1625e-07,2.4973
9.1667e-07,2.4941
9.1708e-07,2.4899
9.175e-07,2.4847
9.1792e-07,2.4787
9.1833e-07,2.4716
9.1875e-07,2.4636
9.1917e-07,2.4547
9.1958e-07,2.4448
9.2e-07,2.4339
9.2042e-07,2.4221
9.2083e-07,2.4094
9.2125e-07,2.3958
9.2167e-07,2.3812
9.2208e-07,2.3658
9.225e-07,2.3494
9.2292e-07,2.3321
9.2333e-07,2.3139
9.2375e-07,2.2948
9.2417e-07,2.2748
9.2458e-07,2.254
9.25e-07,2.2322
9.2542e-07,2.2097
9.2583e-07,2.1862
9.2625e-07,2.1619
9.2667e-07,2.1368
9.2708e-07,2.1109
9.275e-07,2.0842
9.2792e-07,2.0566
9.2833e-07,2.0283
9.2875e-07,1.9991
9.2917e-07,1.9692
9.2958e-07,1.9386
9.3e-07,1.9072
9.3042e-07,1.875
9.3083e-07,1.8422
9.3125e-07,1.8086
9.3167e-07,1.7743
9.3208e-07,1.7394
9.325e-07,1.7038
9.3292e-07,1.6675
9.3333e-07,1.6306
9.3375e-07,1.593
9.3417e-07,1.5549
9.3458e-07,1.5161
9.35e-07,1.4767
9.3542e-07,1.4368
9.3583e-07,1.3964
9.3625e-07,1.3554
9.3667e-07,1.3144
9.3708e-07,1.2765
9.375e-07,1.2484
9.3792e-07,1.23
9.3833e-07,1.2152
9.3875e-07,1.2008
9.3917e-07,1.1864
9.3958e-07,1.172
9.4e-07,1.1575
9.4042e-07,1.143
9.4083e-07,1.1284
9.4125e-07,1.1137
9.4167e-07,1.0991
9.4208e-07,1.0843
9.425e-07,1.0696
9.4292e-07,1.0547
9.4333e-07,1.0399
9.4375e-07,1.0249
9.4417e-07,1.01
9.4458e-07,0.99499
9.45e-07,0.97995
9.4542e-07,0.96486
9.4583e-07,0.94974
9.4625e-07,0.93457
9.4667e-07,0.91936
9.4708e-07,0.90412
9.475e-07,0.88883
9.4792e-07,0.87351
9.4833e-07,0.85815
9.4875e-07,0.84275
9.4917e-07,0.82732
9.4958e-07,0.81185
9.5e-07,0.79634
9.5042e-07,0.78081
9.5083e-07,0.76524
9.5125e-07,0.74963
9.5167e-07,0.73399
9.5208e-07,0.71833
9.525e-07,0.70263
9.5292e-07,0.6869
9.5333e-07,0.67114
9.5375e-07,0.65536
9.5417e-07,0.63954
9.5458e-07,0.6237
9.55e-07,0.60783
9.5542e-07,0.59193
9.5583e-07,0.57601
9.5625e-07,0.56007
9.5667e-07,0.5441
9.5708e-07,0.52811
9.575e-07,0.51209
9.5792e-07,0.49606
9.5833e-07,0.48
9.5875e-07,0.46392
9.5917e-07,0.44782
9.5958e-07,0.4317
9.6e-07,0.41557
9.6042e-07,0.39941
9.6083e-07,0.38324
9.6125e-07,0.36706
9.6167e-07,0.35085
9.6208e-07,0.33463
9.625e-07,0.3184
9.6292e-07,0.30216
9.6333e-07,0.2859
9.6375e-07,0.26962
9.6417e-07,0.25334
9.6458e-07,0.23705
9.65e-07,0.22074
9.6542e-07,0.20443
9.6583e-07,0.18811
9.6625e-07,0.17178
9.6667e-07,0.15544
9.6708e-07,0.1391
9.675e-07,0.12275
9.6792e-07,0.10639
9.6833e-07,0.09003
9.6875e-07,0.073666
9.6917e-07,0.057299
9.6958e-07,0.04093
9.7e-07,0.024559
9.7042e-07,0.0081863
9.7083e-07,-0.0081863
9.7125e-07,-0.024559
9.7167e-07,-0.04093
9.7208e-07,-0.057299
9.725e-07,-0.073666
9.7292e-07,-0.09003
9.7333e-07,-0.10639
9.7375e-07,-0.12275
9.7417e-07,-0.1391
9.7458e-07,-0.15544
9.75e-07,-0.17178
9.7542e-07,-0.18811
9.7583e-07,-0.20443
9.7625e-07,-0.22074
9.7667e-07,-0.23705
9.7708e-07,-0.25334
9.775e-07,-0.26962
9.7792e-07,-0.2859
9.7833e-07,-0.30216
9.7875e-07,-0.3184
9.7917e-07,-0.33463
9.7958e-07,-0.35085
9.8e-07,-0.36706
9.8042e-07,-0.38324
9.8083e-07,-0.39941
9.8125e-07,-0.41557
9.8167e-07,-0.4317
9.8208e-07,-0.44782
9.825e-07,-0.46392
9.8292e-07,-0.48
9.8333e-07,-0.49606
9.8375e-07,-0.51209
9.8417e-07,-0.52811
9.8458e-07,-0.5441
9.85e-07,-0.56007
9.8542e-07,-0.57601
9.8583e-07,-0.59193
9.8625e-07,-0.60783
9.8667e-07,-0.6237
9.8708e-07,-0.63954
9.875e-07,-0.65536
9.8792e-07,-0.67114
9.8833e-07,-0.6869
9.8875e-07,-0.70263
9.8917e-07,-0.71833
9.8958e-07,-0.73399
9.9e-07,-0.74963
9.9042e-07,-0.76524
9.9083e-07,-0.78081
9.9125e-07,-0.79634
9.9167e-07,-0.81185
9.9208e-07,-0.82732
9.925e-07,-0.84275
9.9292e-07,-0.85815
9.9333e-07,-0.87351
9.9375e-07,-0.88883
9.9417e-07,-0.90412
9.9458e-07,-0.91936
9.95e-07,-0.93457
9.9542e-07,-0.94974
9.9583e-07,-0.96486
9.9625e-07,-0.97995
9.9667e-07,-0.99499
9.9708e-07,-1.01
9.975e-07,-1.0249
9.9792e-07,-1.0399
9.9833e-07,-1.0547
9.9875e-07,-1.0696
9.9917e-07,-1.0843
9.9958e-07,-1.0991
1e-06,-1.1137
1.0004e-06,-1.1284
1.0008e-06,-1.143
1.0013e-06,-1.1575
1.0017e-06,-1.172
1.0021e-06,-1.1864
1.0025e-06,-1.2008
1.0029e-06,-1.2152
1.0033e-06,-1.2295
1.0038e-06,-1.2437
1.0042e-06,-1.2579
1.0046e-06,-1.272
1.005e-06,-1.2861
1.0054e-06,-1.3001
1.0058e-06,-1.314
1.0063e-06,-1.3279
1.0067e-06,-1.3418
1.0071e-06,-1.3556
1.0075e-06,-1.3693
1.0079e-06,-1.383
1.0083e-06,-1.3966
1.0088e-06,-1.4101
1.0092e-06,-1.4236
1.0096e-06,-1.4371
1.01e-06,-1.4504
1.0104e-06,-1.4638
1.0108e-06,-1.477
1.0113e-06,-1.4902
1.0117e-06,-1.5033
1.0121e-06,-1.5164
1.0125e-06,-1.5293
1.0129e-06,-1.5423
1.0133e-06,-1.5551
1.0138e-06,-1.5679
1.0142e-06,-1.5806
1.0146e-06,-1.5933
1.015e-06,-1.6059
1.0154e-06,-1.6184
1.0158e-06,-1.6309
1.0163e-06,-1.6432
1.0167e-06,-1.6555
1.0171e-06,-1.6678
1.0175e-06,-1.6799
1.0179e-06,-1.692
1.0183e-06,-1.7041
1.0188e-06,-1.716
1.0192e-06,-1.7279
1.0196e-06,-1.7397
1.02e-06,-1.7514
1.0204e-06,-1.7631
1.0208e-06,-1.7747
1.0213e-06,-1.7862
1.0217e-06,-1.7976
1.0221e-06,-1.8089
1.0225e-06,-1.8202
1.0229e-06,-1.8314
1.0233e-06,-1.8425
1.0238e-06,-1.8535
1.0242e-06,-1.8645
1.0246e-06,-1.8754
1.025e-06,-1.8862
1.0254e-06,-1.8969
1.0258e-06,-1.9075
1.0263e-06,-1.9181
1.0267e-06,-1.9285
1.0271e-06,-1.9389
1.0275e-06,-1.9492
1.0279e-06,-1.9594
1.0283e-06,-1.9696
1.0288e-06,-1.9796
1.0292e-06,-1.9896
1.0296e-06,-1.9995
1.03e-06,-2.0093
1.0304e-06,-2.019
1.0308e-06,-2.0286
1.0313e-06,-2.0381
1.0317e-06,-2.0476
1.0321e-06,-2.057
1.0325e-06,-2.0662
1.0329e-06,-2.0754
1.0333e-06,-2.0845
1.0338e-06,-2.0935
1.0342e-06,-2.1024
1.0346e-06,-2.1113
1.035e-06,-2.12
1.0354e-06,-2.1286
1.0358e-06,-2.1372
1.0363e-06,-2.1457
1.0367e-06,-2.154
1.0371e-06,-2.1623
1.0375e-06,-2.1705
1.0379e-06,-2.1786
1.0383e-06,-2.1866
1.0388e-06,-2.1945
1.0392e-06,-2.2023
1.0396e-06,-2.21
1.04e-06,-2.2177
1.0404e-06,-2.2252
1.0408e-06,-2.2326
1.0413e-06,-2.2399
1.0417e-06,-2.2472
1.0421e-06,-2.2543
1.0425e-06,-2.2614
1.0429e-06,-2.2683
1.0433e-06,-2.2752
1.0438e-06,-2.2819
1.0442e-06,-2.2886
1.0446e-06,-2.2952
1.045e-06,-2.3016
1.0454e-06,-2.308
1.0458e-06,-2.3143
1.0463e-06,-2.3204
1.0467e-06,-2.3265
1.0471e-06,-2.3325
1.0475e-06,-2.3383
1.0479e-06,-2.3441
1.0483e-06,-2.3498
1.0488e-06,-2.3553
1.0492e-06,-2.3608
1.0496e-06,-2.3662
1.05e-06,-2.3714
1.0504e-06,-2.3766
1.0508e-06,-2.3816
1.0513e-06,-2.3866
1.0517e-06,-2.3915
1.0521e-06,-2.3962
1.0525e-06,-2.4009
1.0529e-06,-2.4054
1.0533e-06,-2.4099
1.0538e-06,-2.4142
1.0542e-06,-2.4184
1.0546e-06,-2.4226
1.055e-06,-2.4266
1.0554e-06,-2.4305
1.0558e-06,-2.4343
1.0563e-06,-2.4381
1.0567e-06,-2.4417
1.0571e-06,-2.4452
1.0575e-06,-2.4486
1.0579e-06,-2.4519
1.0583e-06,-2.4551
1.0588e-06,-2.4582
1.0592e-06,-2.4612
1.0596e-06,-2.464
1.06e-06,-2.4668
1.0604e-06,-2.4695
1.0608e-06,-2.472
1.0613e-06,-2.4745
1.0617e-06,-2.4768
1.0621e-06,-2.4791
1.0625e-06,-2.4812
1.0629e-06,-2.4832
1.0633e-06,-2.4852
1.0638e-06,-2.487
1.0642e-06,-2.4887
1.0646e-06,-2.4903
1.065e-06,-2.4918
1.0654e-06,-2.4932
1.0658e-06,-2.4945
1.0663e-06,-2.4957
1.0667e-06,-2.4967
1.0671e-06,-2.4977
1.0675e-06,-2.4985
1.0679e-06,-2.4993
1.0683e-06,-2.4999
1.0688e-06,-2.5005
1.0692e-06,-2.5009
1.0696e-06,-2.5012
1.07e-06,-2.5014
1.0704e-06,-2.5015
1.0708e-06,-2.5015
1.0713e-06,-2.5014
1.0717e-06,-2.5012
1.0721e-06,-2.5009
1.0725e-06,-2.5005
1.0729e-06,-2.4999
1.0733e-06,-2.4993
1.0738e-06,-2.4985
1.0742e-06,-2.4977
1.0746e-06,-2.4967
1.075e-06,-2.4957
1.0754e-06,-2.4945
1.0758e-06,-2.4932
1.0763e-06,-2.4918
1.0767e-06,-2.4903
1.0771e-06,-2.4887
1.0775e-06,-2.487
1.0779e-06,-2.4852
1.0783e-06,-2.4832
1.0788e-06,-2.4812
1.0792e-06,-2.4791
1.0796e-06,-2.4768
1.08e-06,-2.4745
1.0804e-06,-2.472
1.0808e-06,-2.4695
1.0813e-06,-2.4668
1.0817e-06,-2.464
1.0821e-06,-2.4612
1.0825e-06,-2.4582
1.0829e-06,-2.4551
1.0833e-06,-2.4519
1.0838e-06,-2.4486
1.0842e-06,-2.4452
1.0846e-06,-2.4417
1.085e-06,-2.4381
1.0854e-06,-2.4343
1.0858e-06,-2.4305
1.0863e-06,-2.4266
1.0867e-06,-2.4226
1.0871e-06,-2.4184
1.0875e-06,-2.4142
1.0879e-06,-2.4099
1.0883e-06,-2.4054
1.0888e-06,-2.4009
1.0892e-06,-2.3962
1.0896e-06,-2.3915
1.09e-06,-2.3866
1.0904e-06,-2.3816
1.0908e-06,-2.3766
1.0913e-06,-2.3714
1.0917e-06,-2.3662
1.0921e-06,-2.3608
1.0925e-06,-2.3553
1.0929e-06,-2.3498
1.0933e-06,-2.3441
1.0938e-06,-2.3383
1.0942e-06,-2.3325
1.0946e-06,-2.3265
1.095e-06,-2.3204
1.0954e-06,-2.3143
1.0958e-06,-2.308
1.0963e-06,-2.3016
1.0967e-06,-2.2952
1.0971e-06,-2.2886
1.0975e-06,-2.2819
1.0979e-06,-2.2752
1.0983e-06,-2.2683
1.0988e-06,-2.2614
1.0992e-06,-2.2543
1.0996e-06,-2.2472
1.1e-06,-2.2399
1.1004e-06,-2.2326
1.1008e-06,-2.2252
1.1013e-06,-2.2177
1.1017e-06,-2.21
1.1021e-06,-2.2023
1.1025e-06,-2.1945
1.1029e-06,-2.1866
1.1033e-06,-2.1786
1.1038e-06,-2.1705
1.1042e-06,-2.1623
1.1046e-06,-2.154
1.105e-06,-2.1457
1.1054e-06,-2.1372
1.1058e-06,-2.1286
1.1063e-06,-2.12
1.1067e-06,-2.1113
1.1071e-06,-2.1024
1.1075e-06,-2.0935
1.1079e-06,-2.0845
1.1083e-06,-2.0754
1.1088e-06,-2.0662
1.1092e-06,-2.057
1.1096e-06,-2.0476
1.11e-06,-2.0381
1.1104e-06,-2.0286
1.1108e-06,-2.019
1.1113e-06,-2.0093
1.1117e-06,-1.9995
1.1121e-06,-1.9896
1.1125e-06,-1.9796
1.1129e-06,-1.9696
1.1133e-06,-1.9594
1.1138e-06,-1.9492
1.1142e-06,-1.9389
1.1146e-06,-1.9285
1.115e-06,-1.9181
1.1154e-06,-1.9075
1.1158e-06,-1.8969
1.1163e-06,-1.8862
1.1167e-06,-1.8754
1.1171e-06,-1.8645
1.1175e-06,-1.8535
1.1179e-06,-1.8425
1.1183e-06,-1.8314
1.1188e-06,-1.8202
1.1192e-06,-1.8089
1.1196e-06,-1.7976
1.12e-06,-1.7862
1.1204e-06,-1.7747
1.1208e-06,-1.7631
1.1213e-06,-1.7514
1.1217e-06,-1.7397
1.1221e-06,-1.7279
1.1225e-06,-1.716
1.1229e-06,-1.7041
1.1233e-06,-1.692
1.1238e-06,-1.6799
1.1242e-06,-1.6678
1.1246e-06,-1.6555
1.125e-06,-1.6432
1.1254e-06,-1.6309
1.1258e-06,-1.6184
1.1263e-06,-1.6059
1.1267e-06,-1.5933
1.1271e-06,-1.5806
1.1275e-06,-1.5679
1.1279e-06,-1.5551
1.1283e-06,-1.5423
1.1288e-06,-1.5293
1.1292e-06,-1.5164
1.1296e-06,-1.5033
1.13e-06,-1.4902
1.1304e-06,-1.477
1.1308e-06,-1.4638
1.1313e-06,-1.4504
1.1317e-06,-1.4371
1.1321e-06,-1.4236
1.1325e-06,-1.4101
1.1329e-06,-1.3966
1.1333e-06,-1.383
1.1338e-06,-1.3693
1.1342e-06,-1.3556
1.1346e-06,-1.3418
1.135e-06,-1.3279
1.1354e-06,-1.314
1.1358e-06,-1.3001
1.1363e-06,-1.2861
1.1367e-06,-1.272
1.1371e-06,-1.2579
1.1375e-06,-1.2437
1.1379e-06,-1.2295
1.1383e-06,-1.2152
1.1388e-06,-1.2008
1.1392e-06,-1.1864
1.1396e-06,-1.172
1.14e-06,-1.1575
1.1404e-06,-1.143
1.1408e-06,-1.1284
1.1413e-06,-1.1137
1.1417e-06,-1.0991
1.1421e-06,-1.0843
1.1425e-06,-1.0696
1.1429e-06,-1.0547
1.1433e-06,-1.0399
1.1438e-06,-1.0249
1.1442e-06,-1.01
1.1446e-06,-0.99499
1.145e-06,-0.97995
1.1454e-06,-0.96486
1.1458e-06,-0.94974
1.1463e-06,-0.93457
1.1467e-06,-0.91936
1.1471e-06,-0.90412
1.1475e-06,-0.88883
1.1479e-06,-0.87351
1.1483e-06,-0.85815
1.1488e-06,-0.84275
1.1492e-06,-0.82732
1.1496e-06,-0.81185
1.15e-06,-0.79634
1.1504e-06,-0.78081
1.1508e-06,-0.76524
1.1513e-06,-0.74963
1.1517e-06,-0.73399
1.1521e-06,-0.71833
1.1525e-06,-0.70263
1.1529e-06,-0.6869
1.1533e-06,-0.67114
1.1538e-06,-0.65536
1.1542e-06,-0.63954
1.1546e-06,-0.6237
1.155e-06,-0.60783
1.1554e-06,-0.59193
1.1558e-06,-0.57601
1.1563e-06,-0.56007
1.1567e-06,-0.5441
1.1571e-06,-0.52811
1.1575e-06,-0.51209
1.1579e-06,-0.49606
1.1583e-06,-0.48
1.1588e-06,-0.46392
1.1592e-06,-0.44782
1.1596e-06,-0.4317
1.16e-06,-0.41557
1.1604e-06,-0.39941
1.1608e-06,-0.38324
1.1613e-06,-0.36706
1.1617e-06,-0.35085
1.1621e-06,-0.33463
1.1625e-06,-0.3184
1.1629e-06,-0.30216
1.1633e-06,-0.2859
1.1638e-06,-0.26962
1.1642e-06,-0.25334
1.1646e-06,-0.23705
1.165e-06,-0.22074
1.1654e-06,-0.20443
1.1658e-06,-0.18811
1.1663e-06,-0.17178
1.1667e-06,-0.15544
1.1671e-06,-0.1391
1.1675e-06,-0.12275
1.1679e-06,-0.10639
1.1683e-06,-0.09003
1.1688e-06,-0.073666
1.1692e-06,-0.057299
1.1696e-06,-0.04093
1.17e-06,-0.024559
1.1704e-06,-0.0081863
1.1708e-06,0.0081863
1.1713e-06,0.024559
1.1717e-06,0.04093
1.1721e-06,0.057299
1.1725e-06,0.073666
1.1729e-06,0.09003
1.1733e-06,0.10639
1.1738e-06,0.12275
1.1742e-06,0.1391
1.1746e-06,0.15544
1.175e-06,0.17178
1.1754e-06,0.18811
1.1758e-06,0.20443
1.1763e-06,0.22074
1.1767e-06,0.23705
1.1771e-06,0.25334
1.1775e-06,0.26962
1.1779e-06,0.2859
1.1783e-06,0.30216
1.1788e-06,0.3184
1.1792e-06,0.33463
1.1796e-06,0.35085
1.18e-06,0.36706
1.1804e-06,0.38324
1.1808e-06,0.39941
1.1813e-06,0.41557
1.1817e-06,0.4317
1.1821e-06,0.44782
1.1825e-06,0.46392
1.1829e-06,0.48
1.1833e-06,0.49606
1.1838e-06,0.51209
1.1842e-06,0.52811
1.1846e-06,0.5441
1.185e-06,0.56007
1.1854e-06,0.57601
1.1858e-06,0.59193
1.1863e-06,0.60783
1.1867e-06,0.6237
1.1871e-06,0.63954
1.1875e-06,0.65536
1.1879e-06,0.67114
1.1883e-06,0.6869
1.1888e-06,0.70263
1.1892e-06,0.71833
1.1896e-06,0.73399
1.19e-06,0.74963
1.1904e-06,0.76524
1.1908e-06,0.78081
1.1913e-06,0.79634
1.1917e-06,0.81185
1.1921e-06,0.82732
1.1925e-06,0.84275
1.1929e-06,0.85815
1.1933e-06,0.87351
1.1938e-06,0.88883
1.1942e-06,0.90412
1.1946e-06,0.91936
1.195e-06,0.93457
1.1954e-06,0.94974
1.1958e-06,0.96486
1.1963e-06,0.97995
1.1967e-06,0.99499
1.1971e-06,1.01
1.1975e-06,1.0249
1.1979e-06,1.0399
1.1983e-06,1.0547
1.1988e-06,1.0696
1.1992e-06,1.0843
1.1996e-06,1.0991
1.2e-06,1.1137
1.2004e-06,1.1284
1.2008e-06,1.143
1.2013e-06,1.1575
1.2017e-06,1.172
1.2021e-06,1.1864
1.2025e-06,1.2008
1.2029e-06,1.2152
1.2033e-06,1.2295
1.2038e-06,1.2437
1.2042e-06,1.2579
1.2046e-06,1.272
1.205e-06,1.2861
1.2054e-06,1.3001
1.2058e-06,1.314
1.2063e-06,1.3279
1.2067e-06,1.3418
1.2071e-06,1.3556
1.2075e-06,1.3693
1.2079e-06,1.383
1.2083e-06,1.3966
1.2088e-06,1.4101
1.2092e-06,1.4236
1.2096e-06,1.4371
1.21e-06,1.4504
1.2104e-06,1.4638
1.2108e-06,1.477
1.2113e-06,1.4902
1.2117e-06,1.5033
1.2121e-06,1.5164
1.2125e-06,1.5293
1.2129e-06,1.5423
1.2133e-06,1.5551
1.2138e-06,1.5679
1.2142e-06,1.5806
1.2146e-06,1.5933
1.215e-06,1.6059
1.2154e-06,1.6184
1.2158e-06,1.6309
1.2163e-06,1.6432
1.2167e-06,1.6555
1.2171e-06,1.6678
1.2175e-06,1.6799
1.2179e-06,1.692
1.2183e-06,1.7041
1.2188e-06,1.716
1.2192e-06,1.7279
1.2196e-06,1.7397
1.22e-06,1.7514
1.2204e-06,1.7631
1.2208e-06,1.7747
1.2213e-06,1.7862
1.2217e-06,1.7976
1.2221e-06,1.8089
1.2225e-06,1.8202
1.2229e-06,1.8314
1.2233e-06,1.8425
1.2238e-06,1.8535
1.2242e-06,1.8645
1.2246e-06,1.8754
1.225e-06,1.8862
1.2254e-06,1.8969
1.2258e-06,1.9075
1.2263e-06,1.9181
1.2267e-06,1.9285
1.2271e-06,1.9389
1.2275e-06,1.9492
1.2279e-06,1.9594
1.2283e-06,1.9696
1.2288e-06,1.9796
1.2292e-06,1.9896
1.2296e-06,1.9995
1.23e-06,2.0093
1.2304e-06,2.019
1.2308e-06,2.0286
1.2313e-06,2.0381
1.2317e-06,2.0476
1.2321e-06,2.057
1.2325e-06,2.0662
1.2329e-06,2.0754
1.2333e-06,2.0845
1.2338e-06,2.0935
1.2342e-06,2.1024
1.2346e-06,2.1113
1.235e-06,2.12
1.2354e-06,2.1286
1.2358e-06,2.1372
1.2363e-06,2.1457
1.2367e-06,2.154
1.2371e-06,2.1623
1.2375e-06,2.1705
1.2379e-06,2.1786
1.2383e-06,2.1866
1.2388e-06,2.1945
1.2392e-06,2.2023
1.2396e-06,2.21
1.24e-06,2.2177
1.2404e-06,2.2252
1.2408e-06,2.2326
1.2413e-06,2.2399
1.2417e-06,2.2472
1.2421e-06,2.2543
1.2425e-06,2.2614
1.2429e-06,2.2683
1.2433e-06,2.2752
1.2438e-06,2.2819
1.2442e-06,2.2886
1.2446e-06,2.2952
1.245e-06,2.3016
1.2454e-06,2.308
1.2458e-06,2.3143
1.2463e-06,2.3204
1.2467e-06,2.3265
1.2471e-06,2.3325
1.2475e-06,2.3383
1.2479e-06,2.3441
1.2483e-06,2.3498
1.2488e-06,2.3553
1.2492e-06,2.3608
1.2496e-06,2.3662
1.25e-06,2.3714
1.2504e-06,2.3766
1.2508e-06,2.3816
1.2513e-06,2.3866
1.2517e-06,2.3915
1.2521e-06,2.3962
1.2525e-06,2.4009
1.2529e-06,2.4054
1.2533e-06,2.4099
1.2538e-06,2.4142
1.2542e-06,2.4184
1.2546e-06,2.4226
1.255e-06,2.4266
1.2554e-06,2.4305
1.2558e-06,2.4343
1.2563e-06,2.4381
1.2567e-06,2.4417
1.2571e-06,2.4452
1.2575e-06,2.4486
1.2579e-06,2.4519
1.2583e-06,2.4551
1.2588e-06,2.4582
1.2592e-06,2.4612
1.2596e-06,2.464
1.26e-06,2.4668
1.2604e-06,2.4695
1.2608e-06,2.472
1.2613e-06,2.4745
1.2617e-06,2.4768
1.2621e-06,2.4791
1.2625e-06,2.4812
1.2629e-06,2.4832
1.2633e-06,2.4852
1.2638e-06,2.487
1.2642e-06,2.4887
1.2646e-06,2.4903
1.265e-06,2.4918
1.2654e-06,2.4932
1.2658e-06,2.4945
1.2663e-06,2.4957
1.2667e-06,2.4967
1.2671e-06,2.4977
1.2675e-06,2.4985
1.2679e-06,2.4993
1.2683e-06,2.4999
1.2688e-06,2.5005
1.2692e-06,2.5009
1.2696e-06,2.5012
1.27e-06,2.5014
1.2704e-06,2.5015
1.2708e-06,2.5015
1.2713e-06,2.5014
1.2717e-06,2.5012
1.2721e-06,2.5009
1.2725e-06,2.5005
1.2729e-06,2.4999
1.2733e-06,2.4993
1.2738e-06,2.4985
1.2742e-06,2.4977
1.2746e-06,2.4967
1.275e-06,2.4957
1.2754e-06,2.4945
1.2758e-06,2.4932
1.2763e-06,2.4918
1.2767e-06,2.4903
1.2771e-06,2.4887
1.2775e-06,2.487
1.2779e-06,2.4852
1.2783e-06,2.4832
1.2788e-06,2.4812
1.2792e-06,2.4791
1.2796e-06,2.4768
1.28e-06,2.4745
1.2804e-06,2.472
1.2808e-06,2.4695
1.2813e-06,2.4668
1.2817e-06,2.464
1.2821e-06,2.4612
1.2825e-06,2.4582
1.2829e-06,2.4551
1.2833e-06,2.4519
1.2838e-06,2.4486
1.2842e-06,2.4452
1.2846e-06,2.4417
1.285e-06,2.4381
1.2854e-06,2.4343
1.2858e-06,2.4305
1.2863e-06,2.4266
1.2867e-06,2.4226
1.2871e-06,2.4184
1.2875e-06,2.4142
1.2879e-06,2.4099
1.2883e-06,2.4054
1.2888e-06,2.4009
1.2892e-06,2.3962
1.2896e-06,2.3915
1.29e-06,2.3866
1.2904e-06,2.3816
1.2908e-06,2.3766
1.2913e-06,2.3714
1.2917e-06,2.3662
1.2921e-06,2.3608
1.2925e-06,2.3553
1.2929e-06,2.3498
1.2933e-06,2.3441
1.2938e-06,2.3383
1.2942e-06,2.3325
1.2946e-06,2.3265
1.295e-06,2.3204
1.2954e-06,2.3143
1.2958e-06,2.308
1.2963e-06,2.3016
1.2967e-06,2.2952
1.2971e-06,2.2886
1.2975e-06,2.2819
1.2979e-06,2.2752
1.2983e-06,2.2683
1.2988e-06,2.2614
1.2992e-06,2.2543
1.2996e-06,2.2472
1.3e-06,2.2399
1.3004e-06,2.2326
1.3008e-06,2.2252
1.3013e-06,2.2177
1.3017e-06,2.21
1.3021e-06,2.2023
1.3025e-06,2.1945
1.3029e-06,2.1866
1.3033e-06,2.1786
1.3038e-06,2.1705
1.3042e-06,2.1623
1.3046e-06,2.154
1.305e-06,2.1457
1.3054e-06,2.1372
1.3058e-06,2.1286
1.3063e-06,2.12
1.3067e-06,2.1113
1.3071e-06,2.1024
1.3075e-06,2.0935
1.3079e-06,2.0845
1.3083e-06,2.0754
1.3088e-06,2.0662
1.3092e-06,2.057
1.3096e-06,2.0476
1.31e-06,2.0381
1.3104e-06,2.0286
1.3108e-06,2.019
1.3113e-06,2.0093
1.3117e-06,1.9995
1.3121e-06,1.9896
1.3125e-06,1.9796
1.3129e-06,1.9696
1.3133e-06,1.9594
1.3138e-06,1.9492
1.3142e-06,1.9389
1.3146e-06,1.9285
1.315e-06,1.9181
1.3154e-06,1.9075
1.3158e-06,1.8969
1.3163e-06,1.8862
1.3167e-06,1.8754
1.3171e-06,1.8645
1.3175e-06,1.8535
1.3179e-06,1.8425
1.3183e-06,1.8314
1.3188e-06,1.8202
1.3192e-06,1.8089
1.3196e-06,1.7976
1.32e-06,1.7862
1.3204e-06,1.7747
1.3208e-06,1.7631
1.3213e-06,1.7514
1.3217e-06,1.7397
1.3221e-06,1.7279
1.3225e-06,1.716
1.3229e-06,1.7041
1.3233e-06,1.692
1.3238e-06,1.6799
1.3242e-06,1.6678
1.3246e-06,1.6555
1.325e-06,1.6432
1.3254e-06,1.6309
1.3258e-06,1.6184
1.3263e-06,1.6059
1.3267e-06,1.5933
1.3271e-06,1.5806
1.3275e-06,1.5679
1.3279e-06,1.5551
1.3283e-06,1.5423
1.3288e-06,1.5293
1.3292e-06,1.5164
1.3296e-06,1.5033
1.33e-06,1.4902
1.3304e-06,1.477
1.3308e-06,1.4638
1.3313e-06,1.4504
1.3317e-06,1.4371
1.3321e-06,1.4236
1.3325e-06,1.4101
1.3329e-06,1.3966
1.3333e-06,1.383
1.3338e-06,1.3693
1.3342e-06,1.3556
1.3346e-06,1.3418
1.335e-06,1.3279
1.3354e-06,1.314
1.3358e-06,1.3001
1.3363e-06,1.2861
1.3367e-06,1.272
1.3371e-06,1.2579
1.3375e-06,1.2437
1.3379e-06,1.2295
1.3383e-06,1.2152
1.3388e-06,1.2008
1.3392e-06,1.1864
1.3396e-06,1.172
1.34e-06,1.1575
1.3404e-06,1.143
1.3408e-06,1.1284
1.3413e-06,1.1137
1.3417e-06,1.0991
1.3421e-06,1.0843
1.3425e-06,1.0696
1.3429e-06,1.0547
1.3433e-06,1.0399
1.3438e-06,1.0249
1.3442e-06,1.01
1.3446e-06,0.99499
1.345e-06,0.97995
1.3454e-06,0.96486
1.3458e-06,0.94974
1.3463e-06,0.93457
1.3467e-06,0.91936
1.3471e-06,0.90412
1.3475e-06,0.88883
1.3479e-06,0.87351
1.3483e-06,0.85815
1.3488e-06,0.84275
1.3492e-06,0.82732
1.3496e-06,0.81185
1.35e-06,0.79634
1.3504e-06,0.78081
1.3508e-06,0.76524
1.3513e-06,0.74963
1.3517e-06,0.73399
1.3521e-06,0.71833
1.3525e-06,0.70263
1.3529e-06,0.68687
1.3533e-06,0.67054
1.3538e-06,0.65007
1.3542e-06,0.61835
1.3546e-06,0.57531
1.355e-06,0.52799
1.3554e-06,0.47992
1.3558e-06,0.43163
1.3563e-06,0.38318
1.3567e-06,0.33458
1.3571e-06,0.28585
1.3575e-06,0.23701
1.3579e-06,0.18808
1.3583e-06,0.13907
1.3588e-06,0.090015
1.3592e-06,0.040923
1.3596e-06,-0.0081849
1.36e-06,-0.05729
1.3604e-06,-0.10637
1.3608e-06,-0.15541
1.3613e-06,-0.2044
1.3617e-06,-0.2533
1.3621e-06,-0.3021
1.3625e-06,-0.35079
1.3629e-06,-0.39935
1.3633e-06,-0.44775
1.3638e-06,-0.49597
1.3642e-06,-0.54401
1.3646e-06,-0.59183
1.365e-06,-0.63943
1.3654e-06,-0.68678
1.3658e-06,-0.73387
1.3663e-06,-0.78067
1.3667e-06,-0.82718
1.3671e-06,-0.87336
1.3675e-06,-0.91921
1.3679e-06,-0.9647
1.3683e-06,-1.0098
1.3688e-06,-1.0546
1.3692e-06,-1.0989
1.3696e-06,-1.1428
1.37e-06,-1.1862
1.3704e-06,-1.2292
1.3708e-06,-1.2718
1.3713e-06,-1.3138
1.3717e-06,-1.3553
1.3721e-06,-1.3964
1.3725e-06,-1.4368
1.3729e-06,-1.4767
1.3733e-06,-1.5161
1.3738e-06,-1.5549
1.3742e-06,-1.593
1.3746e-06,-1.6306
1.375e-06,-1.6675
1.3754e-06,-1.7038
1.3758e-06,-1.7394
1.3763e-06,-1.7743
1.3767e-06,-1.8086
1.3771e-06,-1.8422
1.3775e-06,-1.875
1.3779e-06,-1.9072
1.3783e-06,-1.9386
1.3788e-06,-1.9692
1.3792e-06,-1.9991
1.3796e-06,-2.0283
1.38e-06,-2.0566
1.3804e-06,-2.0842
1.3808e-06,-2.1109
1.3813e-06,-2.1368
1.3817e-06,-2.1619
1.3821e-06,-2.1862
1.3825e-06,-2.2097
1.3829e-06,-2.2322
1.3833e-06,-2.254
1.3838e-06,-2.2748
1.3842e-06,-2.2948
1.3846e-06,-2.3139
1.385e-06,-2.3321
1.3854e-06,-2.3494
1.3858e-06,-2.3658
1.3863e-06,-2.3812
1.3867e-06,-2.3958
1.3871e-06,-2.4094
1.3875e-06,-2.4221
1.3879e-06,-2.4339
1.3883e-06,-2.4448
1.3888e-06,-2.4547
1.3892e-06,-2.4636
1.3896e-06,-2.4716
1.39e-06,-2.4787
1.3904e-06,-2.4847
1.3908e-06,-2.4899
1.3913e-06,-2.4941
1.3917e-06,-2.4973
1.3921e-06,-2.4995
1.3925e-06,-2.5008
1.3929e-06,-2.5011
1.3933e-06,-2.5005
1.3938e-06,-2.4989
1.3942e-06,-2.4963
1.3946e-06,-2.4928
1.395e-06,-2.4883
1.3954e-06,-2.4828
1.3958e-06,-2.4764
1.3963e-06,-2.469
1.3967e-06,-2.4607
1.3971e-06,-2.4515
1.3975e-06,-2.4413
1.3979e-06,-2.4301
1.3983e-06,-2.418
1.3988e-06,-2.405
1.3992e-06,-2.391
1.3996e-06,-2.3762
1.4e-06,-2.3604
1.4004e-06,-2.3437
1.4008e-06,-2.3261
1.4013e-06,-2.3076
1.4017e-06,-2.2882
1.4021e-06,-2.2679
1.4025e-06,-2.2468
1.4029e-06,-2.2248
1.4033e-06,-2.2019
1.4038e-06,-2.1782
1.4042e-06,-2.1537
1.4046e-06,-2.1283
1.405e-06,-2.1021
1.4054e-06,-2.0751
1.4058e-06,-2.0472
1.4063e-06,-2.0186
1.4067e-06,-1.9893
1.4071e-06,-1.9591
1.4075e-06,-1.9282
1.4079e-06,-1.8966
1.4083e-06,-1.8642
1.4088e-06,-1.8311
1.4092e-06,-1.7973
1.4096e-06,-1.7628
1.41e-06,-1.7276
1.4104e-06,-1.6918
1.4108e-06,-1.6553
1.4113e-06,-1.6181
1.4117e-06,-1.5804
1.4121e-06,-1.542
1.4125e-06,-1.503
1.4129e-06,-1.4635
1.4133e-06,-1.4234
1.4138e-06,-1.3827
1.4142e-06,-1.3416
1.4146e-06,-1.2999
1.415e-06,-1.2576
1.4154e-06,-1.215
1.4158e-06,-1.1718
1.4163e-06,-1.1282
1.4167e-06,-1.0841
1.4171e-06,-1.0397
1.4175e-06,-0.99482
1.4179e-06,-0.94958
1.4183e-06,-0.90396
1.4188e-06,-0.858
1.4192e-06,-0.81171
1.4196e-06,-0.7651
1.42e-06,-0.7182
1.4204e-06,-0.67103
1.4208e-06,-0.62359
1.4213e-06,-0.57592
1.4217e-06,-0.52802
1.4221e-06,-0.47992
1.4225e-06,-0.43163
1.4229e-06,-0.38318
1.4233e-06,-0.33458
1.4238e-06,-0.28585
1.4242e-06,-0.23701
1.4246e-06,-0.18808
1.425e-06,-0.13907
1.4254e-06,-0.090015
1.4258e-06,-0.040923
1.4263e-06,0.0081849
1.4267e-06,0.05729
1.4271e-06,0.10637
1.4275e-06,0.15541
1.4279e-06,0.2044
1.4283e-06,0.2533
1.4288e-06,0.3021
1.4292e-06,0.35079
1.4296e-06,0.39935
1.43e-06,0.44775
1.4304e-06,0.49597
1.4308e-06,0.54401
1.4313e-06,0.59183
1.4317e-06,0.63943
1.4321e-06,0.68678
1.4325e-06,0.73387
1.4329e-06,0.78067
1.4333e-06,0.82718
1.4338e-06,0.87336
1.4342e-06,0.91921
1.4346e-06,0.9647
1.435e-06,1.0098
1.4354e-06,1.0546
1.4358e-06,1.0989
1.4363e-06,1.1428
1.4367e-06,1.1862
1.4371e-06,1.2292
1.4375e-06,1.2718
1.4379e-06,1.3138
1.4383e-06,1.3553
1.4388e-06,1.3964
1.4392e-06,1.4368
1.4396e-06,1.4767
1.44e-06,1.5161
1.4404e-06,1.5549
1.4408e-06,1.593
1.4413e-06,1.6306
1.4417e-06,1.6675
1.4421e-06,1.7038
1.4425e-06,1.7394
1.4429e-06,1.7743
1.4433e-06,1.8086
1.4438e-06,1.8422
1.4442e-06,1.875
1.4446e-06,1.9072
1.445e-06,1.9386
1.4454e-06,1.9692
1.4458e-06,1.9991
1.4463e-06,2.0283
1.4467e-06,2.0566
1.4471e-06,2.0842
1.4475e-06,2.1109
1.4479e-06,2.1368
1.4483e-06,2.1619
1.4488e-06,2.1862
1.4492e-06,2.2097
1.4496e-06,2.2322
1.45e-06,2.254
1.4504e-06,2.2748
1.4508e-06,2.2948
1.4513e-06,2.3139
1.4517e-06,2.3321
1.4521e-06,2.3494
1.4525e-06,2.3658
1.4529e-06,2.3812
1.4533e-06,2.3958
1.4538e-06,2.4094
1.4542e-06,2.4221
1.4546e-06,2.4339
1.455e-06,2.4448
1.4554e-06,2.4547
1.4558e-06,2.4636
1.4563e-06,2.4716
1.4567e-06,2.4787
1.4571e-06,2.4847
1.4575e-06,2.4899
1.4579e-06,2.4941
1.4583e-06,2.4973
1.4588e-06,2.4995
1.4592e-06,2.5008
1.4596e-06,2.5011
1.46e-06,2.5005
1.4604e-06,2.4989
1.4608e-06,2.4963
1.4613e-06,2.4928
1.4617e-06,2.4883
1.4621e-06,2.4828
1.4625e-06,2.4764
1.4629e-06,2.469
1.4633e-06,2.4607
1.4638e-06,2.4515
1.4642e-06,2.4413
1.4646e-06,2.4301
1.465e-06,2.418
1.4654e-06,2.405
1.4658e-06,2.391
1.4663e-06,2.3762
1.4667e-06,2.3604
1.4671e-06,2.3437
1.4675e-06,2.3261
1.4679e-06,2.3076
1.4683e-06,2.2882
1.4688e-06,2.2679
1.4692e-06,2.2468
1.4696e-06,2.2248
1.47e-06,2.2019
1.4704e-06,2.1782
1.4708e-06,2.1537
1.4713e-06,2.1283
1.4717e-06,2.1021
1.4721e-06,2.0751
1.4725e-06,2.0472
1.4729e-06,2.0186
1.4733e-06,1.9893
1.4738e-06,1.9591
1.4742e-06,1.9282
1.4746e-06,1.8966
1.475e-06,1.8642
1.4754e-06,1.8311
1.4758e-06,1.7973
1.4763e-06,1.7628
1.4767e-06,1.7276
1.4771e-06,1.6918
1.4775e-06,1.6553
1.4779e-06,1.6181
1.4783e-06,1.5804
1.4788e-06,1.542
1.4792e-06,1.503
1.4796e-06,1.4635
1.48e-06,1.4234
1.4804e-06,1.3827
1.4808e-06,1.3416
1.4813e-06,1.2999
1.4817e-06,1.2576
1.4821e-06,1.215
1.4825e-06,1.1718
1.4829e-06,1.1282
1.4833e-06,1.0841
1.4838e-06,1.0397
1.4842e-06,0.99482
1.4846e-06,0.94958
1.485e-06,0.90396
1.4854e-06,0.858
1.4858e-06,0.81171
1.4863e-06,0.7651
1.4867e-06,0.7182
1.4871e-06,0.67103
1.4875e-06,0.62359
1.4879e-06,0.57592
1.4883e-06,0.52802
1.4888e-06,0.47992
1.4892e-06,0.43163
1.4896e-06,0.38318
1.49e-06,0.33458
1.4904e-06,0.28585
1.4908e-06,0.23701
1.4913e-06,0.18808
1.4917e-06,0.13907
1.4921e-06,0.090015
1.4925e-06,0.040923
1.4929e-06,-0.0081849
1.4933e-06,-0.05729
1.4938e-06,-0.10637
1.4942e-06,-0.15541
1.4946e-06,-0.2044
1.495e-06,-0.2533
1.4954e-06,-0.3021
1.4958e-06,-0.35079
1.4963e-06,-0.39935
1.4967e-06,-0.44775
1.4971e-06,-0.49597
1.4975e-06,-0.54401
1.4979e-06,-0.59183
1.4983e-06,-0.63943
1.4988e-06,-0.68678
1.4992e-06,-0.73387
1.4996e-06,-0.78067
1.5e-06,-0.82718
1.5004e-06,-0.87336
1.5008e-06,-0.91921
1.5013e-06,-0.9647
1.5017e-06,-1.0098
1.5021e-06,-1.0546
1.5025e-06,-1.0989
1.5029e-06,-1.1428
1.5033e-06,-1.1862
1.5038e-06,-1.2292
1.5042e-06,-1.2718
1.5046e-06,-1.3138
1.505e-06,-1.3553
1.5054e-06,-1.3964
1.5058e-06,-1.4368
1.5063e-06,-1.4767
1.5067e-06,-1.5161
1.5071e-06,-1.5549
1.5075e-06,-1.593
1.5079e-06,-1.6306
1.5083e-06,-1.6675
1.5088e-06,-1.7038
1.5092e-06,-1.7394
1.5096e-06,-1.7743
1.51e-06,-1.8086
1.5104e-06,-1.8422
1.5108e-06,-1.875
1.5113e-06,-1.9072
1.5117e-06,-1.9386
1.5121e-06,-1.9692
1.5125e-06,-1.9991
1.5129e-06,-2.0283
1.5133e-06,-2.0566
1.5138e-06,-2.0842
1.5142e-06,-2.1109
1.5146e-06,-2.1368
1.515e-06,-2.1619
1.5154e-06,-2.1862
1.5158e-06,-2.2097
1.5163e-06,-2.2322
1.5167e-06,-2.254
1.5171e-06,-2.2748
1.5175e-06,-2.2948
1.5179e-06,-2.3139
1.5183e-06,-2.3321
1.5188e-06,-2.3494
1.5192e-06,-2.3658
1.5196e-06,-2.3812
1.52e-06,-2.3958
1.5204e-06,-2.4094
1.5208e-06,-2.4221
1.5213e-06,-2.4339
1.5217e-06,-2.4448
1.5221e-06,-2.4547
1.5225e-06,-2.4636
1.5229e-06,-2.4716
1.5233e-06,-2.4787
1.5238e-06,-2.4847
1.5242e-06,-2.4899
1.5246e-06,-2.4941
1.525e-06,-2.4973
1.5254e-06,-2.4995
1.5258e-06,-2.5008
1.5263e-06,-2.5011
1.5267e-06,-2.5005
1.5271e-06,-2.4989
1.5275e-06,-2.4963
1.5279e-06,-2.4928
1.5283e-06,-2.4883
1.5288e-06,-2.4828
1.5292e-06,-2.4764
1.5296e-06,-2.469
1.53e-06,-2.4607
1.5304e-06,-2.4515
1.5308e-06,-2.4413
1.5313e-06,-2.4301
1.5317e-06,-2.418
1.5321e-06,-2.405
1.5325e-06,-2.391
1.5329e-06,-2.3762
1.5333e-06,-2.3604
1.5338e-06,-2.3437
1.5342e-06,-2.3261
1.5346e-06,-2.3076
1.535e-06,-2.2882
1.5354e-06,-2.2679
1.5358e-06,-2.2468
1.5363e-06,-2.2248
1.5367e-06,-2.2019
1.5371e-06,-2.1782
1.5375e-06,-2.1537
1.5379e-06,-2.1283
1.5383e-06,-2.1021
1.5388e-06,-2.0751
1.5392e-06,-2.0472
1.5396e-06,-2.0186
1.54e-06,-1.9893
1.5404e-06,-1.9591
1.5408e-06,-1.9282
1.5413e-06,-1.8966
1.5417e-06,-1.8642
1.5421e-06,-1.8311
1.5425e-06,-1.7973
1.5429e-06,-1.7628
1.5433e-06,-1.7276
1.5438e-06,-1.6918
1.5442e-06,-1.6553
1.5446e-06,-1.6181
1.545e-06,-1.5804
1.5454e-06,-1.542
1.5458e-06,-1.503
1.5463e-06,-1.4635
1.5467e-06,-1.4234
1.5471e-06,-1.3827
1.5475e-06,-1.3416
1.5479e-06,-1.2999
1.5483e-06,-1.2576
1.5488e-06,-1.215
1.5492e-06,-1.1718
1.5496e-06,-1.1282
1.55e-06,-1.0841
1.5504e-06,-1.0397
1.5508e-06,-0.99482
1.5513e-06,-0.94958
1.5517e-06,-0.90396
1.5521e-06,-0.858
1.5525e-06,-0.81171
1.5529e-06,-0.7651
1.5533e-06,-0.7182
1.5538e-06,-0.67103
1.5542e-06,-0.62359
1.5546e-06,-0.57592
1.555e-06,-0.52802
1.5554e-06,-0.47992
1.5558e-06,-0.43163
1.5563e-06,-0.38318
1.5567e-06,-0.33458
1.5571e-06,-0.28585
1.5575e-06,-0.23701
1.5579e-06,-0.18808
1.5583e-06,-0.13907
1.5588e-06,-0.090015
1.5592e-06,-0.040923
1.5596e-06,0.0081849
1.56e-06,0.05729
1.5604e-06,0.10637
1.5608e-06,0.15541
1.5613e-06,0.20437
1.5617e-06,0.25268
1.5621e-06,0.29671
1.5625e-06,0.32922
1.5629e-06,0.35023
1.5633e-06,0.36703
1.5638e-06,0.38324
1.5642e-06,0.39941
1.5646e-06,0.41557
1.565e-06,0.4317
1.5654e-06,0.44782
1.5658e-06,0.46392
1.5663e-06,0.48
1.5667e-06,0.49606
1.5671e-06,0.51209
1.5675e-06,0.52811
1.5679e-06,0.5441
1.5683e-06,0.56007
1.5688e-06,0.57601
1.5692e-06,0.59193
1.5696e-06,0.60783
1.57e-06,0.6237
1.5704e-06,0.63954
1.5708e-06,0.65536
1.5713e-06,0.67114
1.5717e-06,0.6869
1.5721e-06,0.70263
1.5725e-06,0.71833
1.5729e-06,0.73399
1.5733e-06,0.74963
1.5738e-06,0.76524
1.5742e-06,0.78081
1.5746e-06,0.79634
1.575e-06,0.81185
1.5754e-06,0.82732
1.5758e-06,0.84275
1.5763e-06,0.85815
1.5767e-06,0.87351
1.5771e-06,0.88883
1.5775e-06,0.90412
1.5779e-06,0.91936
1.5783e-06,0.93457
1.5788e-06,0.94974
1.5792e-06,0.96486
1.5796e-06,0.97995
1.58e-06,0.99499
1.5804e-06,1.01
1.5808e-06,1.0249
1.5813e-06,1.0399
1.5817e-06,1.0547
1.5821e-06,1.0696
1.5825e-06,1.0843
1.5829e-06,1.0991
1.5833e-06,1.1137
1.5838e-06,1.1284
1.5842e-06,1.143
1.5846e-06,1.1575
1.585e-06,1.172
1.5854e-06,1.1864
1.5858e-06,1.2008
1.5863e-06,1.2152
1.5867e-06,1.2295
1.5871e-06,1.2437
1.5875e-06,1.2579
1.5879e-06,1.272
1.5883e-06,1.2861
1.5888e-06,1.3001
1.5892e-06,1.314
1.5896e-06,1.3279
1.59e-06,1.3418
1.5904e-06,1.3556
1.5908e-06,1.3693
1.5913e-06,1.383
1.5917e-06,1.3966
1.5921e-06,1.4101
1.5925e-06,1.4236
1.5929e-06,1.4371
1.5933e-06,1.4504
1.5938e-06,1.4638
1.5942e-06,1.477
1.5946e-06,1.4902
1.595e-06,1.5033
1.5954e-06,1.5164
1.5958e-06,1.5293
1.5963e-06,1.5423
1.5967e-06,1.5551
1.5971e-06,1.5679
1.5975e-06,1.5806
1.5979e-06,1.5933
1.5983e-06,1.6059
1.5988e-06,1.6184
1.5992e-06,1.6309
1.5996e-06,1.6432
1.6e-06,1.6555
1.6004e-06,1.6678
1.6008e-06,1.6799
1.6013e-06,1.692
1.6017e-06,1.7041
1.6021e-06,1.716
1.6025e-06,1.7279
1.6029e-06,1.7397
1.6033e-06,1.7514
1.6038e-06,1.7631
1.6042e-06,1.7747
1.6046e-06,1.7862
1.605e-06,1.7976
1.6054e-06,1.8089
1.6058e-06,1.8202
1.6063e-06,1.8314
1.6067e-06,1.8425
1.6071e-06,1.8535
1.6075e-06,1.8645
1.6079e-06,1.8754
1.6083e-06,1.8862
1.6088e-06,1.8969
1.6092e-06,1.9075
1.6096e-06,1.9181
1.61e-06,1.9285
1.6104e-06,1.9389
1.6108e-06,1.9492
1.6113e-06,1.9594
1.6117e-06,1.9696
1.6121e-06,1.9796
1.6125e-06,1.9896
1.6129e-06,1.9995
1.6133e-06,2.0093
1.6138e-06,2.019
1.6142e-06,2.0286
1.6146e-06,2.0381
1.615e-06,2.0476
1.6154e-06,2.057
1.6158e-06,2.0662
1.6163e-06,2.0754
1.6167e-06,2.0845
1.6171e-06,2.0935
1.6175e-06,2.1024
1.6179e-06,2.1113
1.6183e-06,2.12
1.6188e-06,2.1286
1.6192e-06,2.1372
1.6196e-06,2.1457
1.62e-06,2.154
1.6204e-06,2.1623
1.6208e-06,2.1705
1.6213e-06,2.1786
1.6217e-06,2.1866
1.6221e-06,2.1945
1.6225e-06,2.2023
1.6229e-06,2.21
1.6233e-06,2.2177
1.6238e-06,2.2252
1.6242e-06,2.2326
1.6246e-06,2.2399
1.625e-06,2.2472
1.6254e-06,2.2543
1.6258e-06,2.2614
1.6263e-06,2.2683
1.6267e-06,2.2752
1.6271e-06,2.2819
1.6275e-06,2.2886
1.6279e-06,2.2952
1.6283e-06,2.3016
1.6288e-06,2.308
1.6292e-06,2.3143
1.6296e-06,2.3204
1.63e-06,2.3265
1.6304e-06,2.3325
1.6308e-06,2.3383
1.6313e-06,2.3441
1.6317e-06,2.3498
1.6321e-06,2.3553
1.6325e-06,2.3608
1.6329e-06,2.3662
1.6333e-06,2.3714
1.6338e-06,2.3766
1.6342e-06,2.3816
1.6346e-06,2.3866
1.635e-06,2.3915
1.6354e-06,2.3962
1.6358e-06,2.4009
1.6363e-06,2.4054
1.6367e-06,2.4099
1.6371e-06,2.4142
1.6375e-06,2.4184
1.6379e-06,2.4226
1.6383e-06,2.4266
1.6388e-06,2.4305
1.6392e-06,2.4343
1.6396e-06,2.4381
1.64e-06,2.4417
1.6404e-06,2.4452
1.6408e-06,2.4486
1.6413e-06,2.4519
1.6417e-06,2.4551
1.6421e-06,2.4582
1.6425e-06,2.4612
1.6429e-06,2.464
1.6433e-06,2.4668
1.6438e-06,2.4695
1.6442e-06,2.472
1.6446e-06,2.4745
1.645e-06,2.4768
1.6454e-06,2.4791
1.6458e-06,2.4812
1.6463e-06,2.4832
1.6467e-06,2.4852
1.6471e-06,2.487
1.6475e-06,2.4887
1.6479e-06,2.4903
1.6483e-06,2.4918
1.6488e-06,2.4932
1.6492e-06,2.4945
1.6496e-06,2.4957
1.65e-06,2.4967
1.6504e-06,2.4977
1.6508e-06,2.4985
1.6513e-06,2.4993
1.6517e-06,2.4999
1.6521e-06,2.5005
1.6525e-06,2.5009
1.6529e-06,2.5012
1.6533e-06,2.5014
1.6538e-06,2.5015
1.6542e-06,2.5015
1.6546e-06,2.5014
1.655e-06,2.5012
1.6554e-06,2.5009
1.6558e-06,2.5005
1.6563e-06,2.4999
1.6567e-06,2.4993
1.6571e-06,2.4985
1.6575e-06,2.4977
1.6579e-06,2.4967
1.6583e-06,2.4957
1.6588e-06,2.4945
1.6592e-06,2.4932
1.6596e-06,2.4918
1.66e-06,2.4903
1.6604e-06,2.4887
1.6608e-06,2.487
1.6613e-06,2.4852
1.6617e-06,2.4832
1.6621e-06,2.4812
1.6625e-06,2.4791
1.6629e-06,2.4768
1.6633e-06,2.4745
1.6638e-06,2.472
1.6642e-06,2.4695
1.6646e-06,2.4668
1.665e-06,2.464
1.6654e-06,2.4612
1.6658e-06,2.4582
1.6663e-06,2.4551
1.6667e-06,2.4519
1.6671e-06,2.4486
1.6675e-06,2.4452
1.6679e-06,2.4417
1.6683e-06,2.4381
1.6688e-06,2.4343
1.6692e-06,2.4305
1.6696e-06,2.4266
1.67e-06,2.4226
1.6704e-06,2.4184
1.6708e-06,2.4142
1.6713e-06,2.4099
1.6717e-06,2.4054
1.6721e-06,2.4009
1.6725e-06,2.3962
1.6729e-06,2.3915
1.6733e-06,2.3866
1.6738e-06,2.3816
1.6742e-06,2.3766
1.6746e-06,2.3714
1.675e-06,2.3662
1.6754e-06,2.3608
1.6758e-06,2.3553
1.6763e-06,2.3498
1.6767e-06,2.3441
1.6771e-06,2.3383
1.6775e-06,2.3325
1.6779e-06,2.3265
1.6783e-06,2.3204
1.6788e-06,2.3143
1.6792e-06,2.308
1.6796e-06,2.3016
1.68e-06,2.2952
1.6804e-06,2.2886
1.6808e-06,2.2819
1.6813e-06,2.2752
1.6817e-06,2.2683
1.6821e-06,2.2614
1.6825e-06,2.2543
1.6829e-06,2.2472
1.6833e-06,2.2399
1.6838e-06,2.2326
1.6842e-06,2.2252
1.6846e-06,2.2177
1.685e-06,2.21
1.6854e-06,2.2023
1.6858e-06,2.1945
1.6863e-06,2.1866
1.6867e-06,2.1786
1.6871e-06,2.1705
1.6875e-06,2.1623
1.6879e-06,2.154
1.6883e-06,2.1457
1.6888e-06,2.1372
1.6892e-06,2.1286
1.6896e-06,2.12
1.69e-06,2.1113
1.6904e-06,2.1024
1.6908e-06,2.0935
1.6913e-06,2.0845
1.6917e-06,2.0754
1.6921e-06,2.0662
1.6925e-06,2.057
1.6929e-06,2.0476
1.6933e-06,2.0381
1.6938e-06,2.0286
1.6942e-06,2.019
1.6946e-06,2.0093
1.695e-06,1.9995
1.6954e-06,1.9896
1.6958e-06,1.9796
1.6963e-06,1.9696
1.6967e-06,1.9594
1.6971e-06,1.9492
1.6975e-06,1.9389
1.6979e-06,1.9285
1.6983e-06,1.9181
1.6988e-06,1.9075
1.6992e-06,1.8969
1.6996e-06,1.8862
1.7e-06,1.8754
1.7004e-06,1.8645
1.7008e-06,1.8535
1.7013e-06,1.8425
1.7017e-06,1.8314
1.7021e-06,1.8202
1.7025e-06,1.8089
1.7029e-06,1.7976
1.7033e-06,1.7862
1.7038e-06,1.7747
1.7042e-06,1.7631
1.7046e-06,1.7514
1.705e-06,1.7397
1.7054e-06,1.7279
1.7058e-06,1.716
1.7063e-06,1.7041
1.7067e-06,1.692
1.7071e-06,1.6799
1.7075e-06,1.6678
1.7079e-06,1.6555
1.7083e-06,1.6432
1.7088e-06,1.6309
1.7092e-06,1.6184
1.7096e-06,1.6059
1.71e-06,1.5933
1.7104e-06,1.5806
1.7108e-06,1.5679
1.7113e-06,1.5551
1.7117e-06,1.5423
1.7121e-06,1.5293
1.7125e-06,1.5164
1.7129e-06,1.5033
1.7133e-06,1.4902
1.7138e-06,1.477
1.7142e-06,1.4638
1.7146e-06,1.4504
1.715e-06,1.4371
1.7154e-06,1.4236
1.7158e-06,1.4101
1.7163e-06,1.3966
1.7167e-06,1.383
1.7171e-06,1.3693
1.7175e-06,1.3556
1.7179e-06,1.3418
1.7183e-06,1.3279
1.7188e-06,1.314
1.7192e-06,1.3001
1.7196e-06,1.2861
1.72e-06,1.272
1.7204e-06,1.2579
1.7208e-06,1.2437
1.7213e-06,1.2295
1.7217e-06,1.2152
1.7221e-06,1.2008
1.7225e-06,1.1864
1.7229e-06,1.172
1.7233e-06,1.1575
1.7238e-06,1.143
1.7242e-06,1.1284
1.7246e-06,1.1137
1.725e-06,1.0991
1.7254e-06,1.0843
1.7258e-06,1.0696
1.7263e-06,1.0547
1.7267e-06,1.0399
1.7271e-06,1.0249
1.7275e-06,1.01
1.7279e-06,0.99499
1.7283e-06,0.97995
1.7288e-06,0.96486
1.7292e-06,0.94974
1.7296e-06,0.93457
1.73e-06,0.91936
1.7304e-06,0.90412
1.7308e-06,0.88883
1.7313e-06,0.87351
1.7317e-06,0.85815
1.7321e-06,0.84275
1.7325e-06,0.82732
1.7329e-06,0.81185
1.7333e-06,0.79634
1.7338e-06,0.78081
1.7342e-06,0.76524
1.7346e-06,0.74963
1.735e-06,0.73399
1.7354e-06,0.71833
1.7358e-06,0.70263
1.7363e-06,0.6869
1.7367e-06,0.67114
1.7371e-06,0.65536
1.7375e-06,0.63954
1.7379e-06,0.6237
1.7383e-06,0.60783
1.7388e-06,0.59193
1.7392e-06,0.57601
1.7396e-06,0.56007
1.74e-06,0.5441
1.7404e-06,0.52811
1.7408e-06,0.51209
1.7413e-06,0.49606
1.7417e-06,0.48
1.7421e-06,0.46392
1.7425e-06,0.44782
1.7429e-06,0.4317
1.7433e-06,0.41557
1.7438e-06,0.39941
1.7442e-06,0.38324
1.7446e-06,0.36706
1.745e-06,0.35085
1.7454e-06,0.33463
1.7458e-06,0.3184
1.7463e-06,0.30216
1.7467e-06,0.2859
1.7471e-06,0.26962
1.7475e-06,0.25334
1.7479e-06,0.23705
1.7483e-06,0.22074
1.7488e-06,0.20443
1.7492e-06,0.18811
1.7496e-06,0.17178
1.75e-06,0.15544
1.7504e-06,0.1391
1.7508e-06,0.12275
1.7513e-06,0.10639
1.7517e-06,0.09003
1.7521e-06,0.073666
1.7525e-06,0.057299
1.7529e-06,0.04093
1.7533e-06,0.024559
1.7538e-06,0.0081863
1.7542e-06,-0.0081863
1.7546e-06,-0.024559
1.755e-06,-0.04093
1.7554e-06,-0.057299
1.7558e-06,-0.073666
1.7563e-06,-0.09003
1.7567e-06,-0.10639
1.7571e-06,-0.12275
1.7575e-06,-0.1391
1.7579e-06,-0.15544
1.7583e-06,-0.17178
1.7588e-06,-0.18811
1.7592e-06,-0.20443
1.7596e-06,-0.22074
1.76e-06,-0.23705
1.7604e-06,-0.25334
1.7608e-06,-0.26962
1.7613e-06,-0.2859
1.7617e-06,-0.30216
1.7621e-06,-0.3184
1.7625e-06,-0.33463
1.7629e-06,-0.35085
1.7633e-06,-0.36706
1.7638e-06,-0.38324
1.7642e-06,-0.39941
1.7646e-06,-0.41557
1.765e-06,-0.4317
1.7654e-06,-0.44782
1.7658e-06,-0.46392
1.7663e-06,-0.48
1.7667e-06,-0.49606
1.7671e-06,-0.51209
1.7675e-06,-0.52811
1.7679e-06,-0.5441
1.7683e-06,-0.56007
1.7688e-06,-0.57601
1.7692e-06,-0.59193
1.7696e-06,-0.60783
1.77e-06,-0.6237
1.7704e-06,-0.63954
1.7708e-06,-0.65536
1.7713e-06,-0.67114
1.7717e-06,-0.6869
1.7721e-06,-0.70263
1.7725e-06,-0.71833
1.7729e-06,-0.73399
1.7733e-06,-0.74963
1.7738e-06,-0.76524
1.7742e-06,-0.78081
1.7746e-06,-0.79634
1.775e-06,-0.81185
1.7754e-06,-0.82732
1.7758e-06,-0.84275
1.7763e-06,-0.85815
1.7767e-06,-0.87351
1.7771e-06,-0.88883
1.7775e-06,-0.90412
1.7779e-06,-0.91936
1.7783e-06,-0.93457
1.7788e-06,-0.94974
1.7792e-06,-0.96486
1.7796e-06,-0.97995
1.78e-06,-0.99499
1.7804e-06,-1.01
1.7808e-06,-1.0249
1.7813e-06,-1.0399
1.7817e-06,-1.0547
1.7821e-06,-1.0696
1.7825e-06,-1.0843
1.7829e-06,-1.0991
1.7833e-06,-1.1137
1.7838e-06,-1.1284
1.7842e-06,-1.143
1.7846e-06,-1.1575
1.785e-06,-1.172
1.7854e-06,-1.1864
1.7858e-06,-1.2008
1.7863e-06,-1.2152
1.7867e-06,-1.2295
1.7871e-06,-1.2437
1.7875e-06,-1.2579
1.7879e-06,-1.272
1.7883e-06,-1.2861
1.7888e-06,-1.3001
1.7892e-06,-1.314
1.7896e-06,-1.3279
1.79e-06,-1.3418
1.7904e-06,-1.3556
1.7908e-06,-1.3693
1.7913e-06,-1.383
1.7917e-06,-1.3966
1.7921e-06,-1.4101
1.7925e-06,-1.4236
1.7929e-06,-1.4371
1.7933e-06,-1.4504
1.7938e-06,-1.4638
1.7942e-06,-1.477
1.7946e-06,-1.4902
1.795e-06,-1.5033
1.7954e-06,-1.5164
1.7958e-06,-1.5293
1.7963e-06,-1.5423
1.7967e-06,-1.5551
1.7971e-06,-1.5679
1.7975e-06,-1.5806
1.7979e-06,-1.5933
1.7983e-06,-1.6059
1.7988e-06,-1.6184
1.7992e-06,-1.6309
1.7996e-06,-1.6432
1.8e-06,-1.6555
1.8004e-06,-1.6678
1.8008e-06,-1.6799
1.8013e-06,-1.692
1.8017e-06,-1.7041
1.8021e-06,-1.716
1.8025e-06,-1.7279
1.8029e-06,-1.7397
1.8033e-06,-1.7514
1.8038e-06,-1.7631
1.8042e-06,-1.7747
1.8046e-06,-1.7862
1.805e-06,-1.7976
1.8054e-06,-1.8089
1.8058e-06,-1.8202
1.8063e-06,-1.8314
1.8067e-06,-1.8425
1.8071e-06,-1.8535
1.8075e-06,-1.8645
1.8079e-06,-1.8754
1.8083e-06,-1.8862
1.8088e-06,-1.8969
1.8092e-06,-1.9075
1.8096e-06,-1.9181
1.81e-06,-1.9285
1.8104e-06,-1.9389
1.8108e-06,-1.9492
1.8113e-06,-1.9594
1.8117e-06,-1.9696
1.8121e-06,-1.9796
1.8125e-06,-1.9896
1.8129e-06,-1.9995
1.8133e-06,-2.0093
1.8138e-06,-2.019
1.8142e-06,-2.0286
1.8146e-06,-2.0381
1.815e-06,-2.0476
1.8154e-06,-2.057
1.8158e-06,-2.0662
1.8163e-06,-2.0754
1.8167e-06,-2.0845
1.8171e-06,-2.0935
1.8175e-06,-2.1024
1.8179e-06,-2.1113
1.8183e-06,-2.12
1.8188e-06,-2.1286
1.8192e-06,-2.1372
1.8196e-06,-2.1457
1.82e-06,-2.154
1.8204e-06,-2.1623
1.8208e-06,-2.1705
1.8213e-06,-2.1786
1.8217e-06,-2.1866
1.8221e-06,-2.1945
1.8225e-06,-2.2023
1.8229e-06,-2.21
1.8233e-06,-2.2177
1.8238e-06,-2.2252
1.8242e-06,-2.2326
1.8246e-06,-2.2399
1.825e-06,-2.2472
1.8254e-06,-2.2543
1.8258e-06,-2.2614
1.8263e-06,-2.2683
1.8267e-06,-2.2752
1.8271e-06,-2.2819
1.8275e-06,-2.2886
1.8279e-06,-2.2952
1.8283e-06,-2.3016
1.8288e-06,-2.308
1.8292e-06,-2.3143
1.8296e-06,-2.3204
1.83e-06,-2.3265
1.8304e-06,-2.3325
1.8308e-06,-2.3383
1.8313e-06,-2.3441
1.8317e-06,-2.3498
1.8321e-06,-2.3553
1.8325e-06,-2.3608
1.8329e-06,-2.3662
1.8333e-06,-2.3714
1.8338e-06,-2.3766
1.8342e-06,-2.3816
1.8346e-06,-2.3866
1.835e-06,-2.3915
1.8354e-06,-2.3962
1.8358e-06,-2.4009
1.8363e-06,-2.4054
1.8367e-06,-2.4099
1.8371e-06,-2.4142
1.8375e-06,-2.4184
1.8379e-06,-2.4226
1.8383e-06,-2.4266
1.8388e-06,-2.4305
1.8392e-06,-2.4343
1.8396e-06,-2.4381
1.84e-06,-2.4417
1.8404e-06,-2.4452
1.8408e-06,-2.4486
1.8413e-06,-2.4519
1.8417e-06,-2.4551
1.8421e-06,-2.4582
1.8425e-06,-2.4612
1.8429e-06,-2.464
1.8433e-06,-2.4668
1.8438e-06,-2.4695
1.8442e-06,-2.472
1.8446e-06,-2.4745
1.845e-06,-2.4768
1.8454e-06,-2.4791
1.8458e-06,-2.4812
1.8463e-06,-2.4832
1.8467e-06,-2.4852
1.8471e-06,-2.487
1.8475e-06,-2.4887
1.8479e-06,-2.4903
1.8483e-06,-2.4918
1.8488e-06,-2.4932
1.8492e-06,-2.4945
1.8496e-06,-2.4957
1.85e-06,-2.4967
1.8504e-06,-2.4977
1.8508e-06,-2.4985
1.8513e-06,-2.4993
1.8517e-06,-2.4999
1.8521e-06,-2.5005
1.8525e-06,-2.5009
1.8529e-06,-2.5012
1.8533e-06,-2.5014
1.8538e-06,-2.5015
1.8542e-06,-2.5015
1.8546e-06,-2.5014
1.855e-06,-2.5012
1.8554e-06,-2.5009
1.8558e-06,-2.5005
1.8563e-06,-2.4999
1.8567e-06,-2.4993
1.8571e-06,-2.4985
1.8575e-06,-2.4977
1.8579e-06,-2.4967
1.8583e-06,-2.4957
1.8588e-06,-2.4945
1.8592e-06,-2.4932
1.8596e-06,-2.4918
1.86e-06,-2.4903
1.8604e-06,-2.4887
1.8608e-06,-2.487
1.8613e-06,-2.4852
1.8617e-06,-2.4832
1.8621e-06,-2.4812
1.8625e-06,-2.4791
1.8629e-06,-2.4768
1.8633e-06,-2.4745
1.8638e-06,-2.472
1.8642e-06,-2.4695
1.8646e-06,-2.4668
1.865e-06,-2.464
1.8654e-06,-2.4612
1.8658e-06,-2.4582
1.8663e-06,-2.4551
1.8667e-06,-2.4519
1.8671e-06,-2.4486
1.8675e-06,-2.4452
1.8679e-06,-2.4417
1.8683e-06,-2.4381
1.8688e-06,-2.4343
1.8692e-06,-2.4305
1.8696e-06,-2.4266
1.87e-06,-2.4226
1.8704e-06,-2.4184
1.8708e-06,-2.4142
1.8713e-06,-2.4099
1.8717e-06,-2.4054
1.8721e-06,-2.4009
1.8725e-06,-2.3962
1.8729e-06,-2.3915
1.8733e-06,-2.3866
1.8738e-06,-2.3816
1.8742e-06,-2.3766
1.8746e-06,-2.3714
1.875e-06,-2.3662
1.8754e-06,-2.3608
1.8758e-06,-2.3553
1.8763e-06,-2.3498
1.8767e-06,-2.3441
1.8771e-06,-2.3383
1.8775e-06,-2.3325
1.8779e-06,-2.3265
1.8783e-06,-2.3204
1.8788e-06,-2.3143
1.8792e-06,-2.308
1.8796e-06,-2.3016
1.88e-06,-2.2952
1.8804e-06,-2.2886
1.8808e-06,-2.2819
1.8813e-06,-2.2752
1.8817e-06,-2.2683
1.8821e-06,-2.2614
1.8825e-06,-2.2543
1.8829e-06,-2.2472
1.8833e-06,-2.2399
1.8838e-06,-2.2326
1.8842e-06,-2.2252
1.8846e-06,-2.2177
1.885e-06,-2.21
1.8854e-06,-2.2023
1.8858e-06,-2.1945
1.8863e-06,-2.1866
1.8867e-06,-2.1786
1.8871e-06,-2.1705
1.8875e-06,-2.1623
1.8879e-06,-2.154
1.8883e-06,-2.1457
1.8888e-06,-2.1372
1.8892e-06,-2.1286
1.8896e-06,-2.12
1.89e-06,-2.1113
1.8904e-06,-2.1024
1.8908e-06,-2.0935
1.8913e-06,-2.0845
1.8917e-06,-2.0754
1.8921e-06,-2.0662
1.8925e-06,-2.057
1.8929e-06,-2.0476
1.8933e-06,-2.0381
1.8938e-06,-2.0286
1.8942e-06,-2.019
1.8946e-06,-2.0093
1.895e-06,-1.9995
1.8954e-06,-1.9896
1.8958e-06,-1.9796
1.8963e-06,-1.9696
1.8967e-06,-1.9594
1.8971e-06,-1.9492
1.8975e-06,-1.9389
1.8979e-06,-1.9285
1.8983e-06,-1.9181
1.8988e-06,-1.9075
1.8992e-06,-1.8969
1.8996e-06,-1.8862
1.9e-06,-1.8754
1.9004e-06,-1.8645
1.9008e-06,-1.8535
1.9013e-06,-1.8425
1.9017e-06,-1.8314
1.9021e-06,-1.8202
1.9025e-06,-1.8089
1.9029e-06,-1.7976
1.9033e-06,-1.7862
1.9038e-06,-1.7747
1.9042e-06,-1.7631
1.9046e-06,-1.7514
1.905e-06,-1.7397
1.9054e-06,-1.7279
1.9058e-06,-1.716
1.9063e-06,-1.7041
1.9067e-06,-1.692
1.9071e-06,-1.6799
1.9075e-06,-1.6678
1.9079e-06,-1.6555
1.9083e-06,-1.6432
1.9088e-06,-1.6309
1.9092e-06,-1.6184
1.9096e-06,-1.6059
1.91e-06,-1.5933
1.9104e-06,-1.5806
1.9108e-06,-1.5679
1.9113e-06,-1.5551
1.9117e-06,-1.5423
1.9121e-06,-1.5293
1.9125e-06,-1.5164
1.9129e-06,-1.5033
1.9133e-06,-1.4902
1.9138e-06,-1.477
1.9142e-06,-1.4638
1.9146e-06,-1.4504
1.915e-06,-1.4371
1.9154e-06,-1.4236
1.9158e-06,-1.4101
1.9163e-06,-1.3966
1.9167e-06,-1.383
1.9171e-06,-1.3693
1.9175e-06,-1.3556
1.9179e-06,-1.3418
1.9183e-06,-1.3279
1.9188e-06,-1.314
1.9192e-06,-1.3001
1.9196e-06,-1.2861
1.92e-06,-1.272
1.9204e-06,-1.2579
1.9208e-06,-1.2437
1.9213e-06,-1.2295
1.9217e-06,-1.2152
1.9221e-06,-1.2008
1.9225e-06,-1.1864
1.9229e-06,-1.172
1.9233e-06,-1.1575
1.9238e-06,-1.143
1.9242e-06,-1.1284
1.9246e-06,-1.1137
1.925e-06,-1.0991
1.9254e-06,-1.0843
1.9258e-06,-1.0696
1.9263e-06,-1.0547
1.9267e-06,-1.0399
1.9271e-06,-1.0249
1.9275e-06,-1.01
1.9279e-06,-0.99499
1.9283e-06,-0.97995
1.9288e-06,-0.96486
1.9292e-06,-0.94974
1.9296e-06,-0.93457
1.93e-06,-0.91936
1.9304e-06,-0.90412
1.9308e-06,-0.88883
1.9313e-06,-0.87351
1.9317e-06,-0.85815
1.9321e-06,-0.84275
1.9325e-06,-0.82732
1.9329e-06,-0.81185
1.9333e-06,-0.79634
1.9338e-06,-0.78081
1.9342e-06,-0.76524
1.9346e-06,-0.74963
1.935e-06,-0.73399
1.9354e-06,-0.71833
1.9358e-06,-0.70263
1.9363e-06,-0.6869
1.9367e-06,-0.67114
1.9371e-06,-0.65536
1.9375e-06,-0.63954
1.9379e-06,-0.6237
1.9383e-06,-0.60783
1.9388e-06,-0.59193
1.9392e-06,-0.57601
1.9396e-06,-0.56007
1.94e-06,-0.5441
1.9404e-06,-0.52811
1.9408e-06,-0.51209
1.9413e-06,-0.49606
1.9417e-06,-0.48
1.9421e-06,-0.46392
1.9425e-06,-0.44782
1.9429e-06,-0.4317
1.9433e-06,-0.41557
1.9438e-06,-0.39941
1.9442e-06,-0.38324
1.9446e-06,-0.36706
1.945e-06,-0.35085
1.9454e-06,-0.33463
1.9458e-06,-0.3184
1.9463e-06,-0.30216
1.9467e-06,-0.2859
1.9471e-06,-0.26962
1.9475e-06,-0.25334
1.9479e-06,-0.23705
1.9483e-06,-0.22074
1.9488e-06,-0.20443
1.9492e-06,-0.18811
1.9496e-06,-0.17178
1.95e-06,-0.15544
1.9504e-06,-0.1391
1.9508e-06,-0.12275
1.9513e-06,-0.10639
1.9517e-06,-0.09003
1.9521e-06,-0.073666
1.9525e-06,-0.057299
1.9529e-06,-0.04093
1.9533e-06,-0.024559
1.9538e-06,-0.0081863
1.9542e-06,0.0081863
1.9546e-06,0.024559
1.955e-06,0.04093
1.9554e-06,0.057299
1.9558e-06,0.073666
1.9563e-06,0.09003
1.9567e-06,0.10639
1.9571e-06,0.12275
1.9575e-06,0.1391
1.9579e-06,0.15544
1.9583e-06,0.17178
1.9588e-06,0.18811
1.9592e-06,0.20443
1.9596e-06,0.22074
1.96e-06,0.23705
1.9604e-06,0.25334
1.9608e-06,0.26962
1.9613e-06,0.2859
1.9617e-06,0.30216
1.9621e-06,0.3184
1.9625e-06,0.33463
1.9629e-06,0.35085
1.9633e-06,0.36706
1.9638e-06,0.38324
1.9642e-06,0.39941
1.9646e-06,0.41557
1.965e-06,0.4317
1.9654e-06,0.44782
1.9658e-06,0.46392
1.9663e-06,0.48
1.9667e-06,0.49606
1.9671e-06,0.51209
1.9675e-06,0.52811
1.9679e-06,0.5441
1.9683e-06,0.56007
1.9688e-06,0.57601
1.9692e-06,0.59193
1.9696e-06,0.60783
1.97e-06,0.6237
1.9704e-06,0.63954
1.9708e-06,0.65536
1.9713e-06,0.67114
1.9717e-06,0.6869
1.9721e-06,0.70263
1.9725e-06,0.71833
1.9729e-06,0.73399
1.9733e-06,0.74963
1.9738e-06,0.76524
1.9742e-06,0.78081
1.9746e-06,0.79634
1.975e-06,0.81185
1.9754e-06,0.82732
1.9758e-06,0.84275
1.9763e-06,0.85815
1.9767e-06,0.87351
1.9771e-06,0.88882
1.9775e-06,0.90329
1.9779e-06,0.90191
1.9783e-06,0.79317
1.9788e-06,0.46856
1.9792e-06,0.13859
1.9796e-06,0.017147
1.98e-06,0.00081822
1.9804e-06,1.4583e-05
1.9808e-06,9.5916e-08
1.9813e-06,2.3175e-10
1.9817e-06,2.0536e-13
1.9821e-06,6.6701e-17
1.9825e-06,7.939e-21
1.9829e-06,3.4625e-25
1.9833e-06,5.5332e-30
1.9838e-06,3.2399e-35
1.9842e-06,6.9511e-41
1.9846e-06,5.4643e-47
1.985e-06,1.5739e-53
1.9854e-06,1.6611e-60
1.9858e-06,6.4234e-68
1.9863e-06,9.1013e-76
1.9867e-06,4.725e-84
1.9871e-06,8.988e-93
1.9875e-06,6.2645e-102
1.9879e-06,1.5998e-111
1.9883e-06,1.497e-121
1.9888e-06,5.1327e-132
1.9892e-06,6.4479e-143
1.9896e-06,2.968e-154
1.99e-06,5.0057e-166
1.9904e-06,3.0934e-178
1.9908e-06,7.0043e-191
1.9913e-06,5.8111e-204
1.9917e-06,1.7665e-217
1.9921e-06,1.9676e-231
1.9925e-06,8.03e-246
1.9929e-06,1.2008e-260
1.9933e-06,6.5792e-276
1.9938e-06,1.3208e-291
1.9942e-06,9.7158e-308
1.9946e-06,0
1.995e-06,0
1.9954e-06,0
1.9958e-06,0
1.9963e-06,0
1.9967e-06,0
1.9971e-06,0
1.9975e-06,0
1.9979e-06,0
1.9983e-06,0
1.9988e-06,0
1.9992e-06,0
1.9996e-06,0
2e-06,0
2.0004e-06,0
2.0008e-06,0
2.0013e-06,0
2.0017e-06,0
2.0021e-06,0
2.0025e-06,0
2.0029e-06,0
2.0033e-06,0
2.0038e-06,0
2.0042e-06,0
2.0046e-06,0
2.005e-06,0
2.0054e-06,0
2.0058e-06,0
2.0063e-06,0
2.0067e-06,0
2.0071e-06,0
2.0075e-06,0
2.0079e-06,0
2.0083e-06,0
2.0088e-06,0
2.0092e-06,0
2.0096e-06,0
2.01e-06,0
2.0104e-06,0
2.0108e-06,0
2.0113e-06,0
2.0117e-06,0
2.0121e-06,0
2.0125e-06,0
2.0129e-06,0
2.0133e-06,0
2.0138e-06,0
2.0142e-06,0
2.0146e-06,0
2.015e-06,0
2.0154e-06,0
2.0158e-06,0
2.0163e-06,0
2.0167e-06,0
2.0171e-06,0
2.0175e-06,0
2.0179e-06,0
2.0183e-06,0
2.0188e-06,0
2.0192e-06,0
2.0196e-06,0
2.02e-06,0
2.0204e-06,0
2.0208e-06,0
2.0213e-06,0
2.0217e-06,0
2.0221e-06,0
2.0225e-06,0
2.0229e-06,0
2.0233e-06,0
2.0238e-06,0
2.0242e-06,0
2.0246e-06,0
2.025e-06,0
2.0254e-06,0
2.0258e-06,0
2.0263e-06,0
2.0267e-06,0
2.0271e-06,0
2.0275e-06,0
2.0279e-06,0
2.0283e-06,0
2.0288e-06,0
2.0292e-06,0
2.0296e-06,0
2.03e-06,0
2.0304e-06,0
2.0308e-06,0
2.0313e-06,0
2.0317e-06,0
2.0321e-06,0
2.0325e-06,0
2.0329e-06,0
2.0333e-06,0
2.0338e-06,0
2.0342e-06,0
2.0346e-06,0
2.035e-06,0
2.0354e-06,0
2.0358e-06,0
2.0363e-06,0
2.0367e-06,0
2.0371e-06,0
2.0375e-06,0
2.0379e-06,0
2.0383e-06,0
2.0388e-06,0
2.0392e-06,0
2.0396e-06,0
2.04e-06,0
2.0404e-06,0
2.0408e-06,0
2.0413e-06,0
2.0417e-06,0
2.0421e-06,0
2.0425e-06,0
2.0429e-06,0
2.0433e-06,0
2.0438e-06,0
2.0442e-06,0
2.0446e-06,0
2.045e-06,0
2.0454e-06,0
2.0458e-06,0
2.0463e-06,0
2.0467e-06,0
2.0471e-06,0
2.0475e-06,0
2.0479e-06,0
2.0483e-06,0
2.0488e-06,0
2.0492e-06,0
2.0496e-06,0
2.05e-06,0
2.0504e-06,0
2.0508e-06,0
2.0513e-06,0
2.0517e-06,0
2.0521e-06,0
2.0525e-06,0
2.0529e-06,0
2.0533e-06,0
2.0538e-06,0
2.0542e-06,0
2.0546e-06,0
2.055e-06,0
2.0554e-06,0
2.0558e-06,0
2.0563e-06,0
2.0567e-06,0
2.0571e-06,0
2.0575e-06,0
2.0579e-06,0
2.0583e-06,0
2.0588e-06,0
2.0592e-06,0
2.0596e-06,0
2.06e-06,0
2.0604e-06,0
2.0608e-06,0
2.0613e-06,0
2.0617e-06,0
2.0621e-06,0
2.0625e-06,0
2.0629e-06,0
2.0633e-06,0
2.0638e-06,0
2.0642e-06,0
2.0646e-06,0
2.065e-06,0
2.0654e-06,0
2.0658e-06,0
2.0663e-06,0
2.0667e-06,0
2.0671e-06,0
2.0675e-06,0
2.0679e-06,0
2.0683e-06,0
2.0688e-06,0
2.0692e-06,0
2.0696e-06,0
2.07e-06,0
2.0704e-06,0
2.0708e-06,0
2.0713e-06,0
2.0717e-06,0
2.0721e-06,0
2.0725e-06,0
2.0729e-06,0
2.0733e-06,0
2.0738e-06,0
2.0742e-06,0
2.0746e-06,0
2.075e-06,0
2.0754e-06,0
2.0758e-06,0
2.0763e-06,0
2.0767e-06,0
2.0771e-06,0
2.0775e-06,0
2.0779e-06,0
2.0783e-06,0
2.0788e-06,0
2.0792e-06,0
2.0796e-06,0
2.08e-06,0
2.0804e-06,0
2.0808e-06,0
2.0813e-06,0
2.0817e-06,0
2.0821e-06,0
2.0825e-06,0
